362.000
305.000
323.000
290.000
245.000
301.000
267.000
165.000
219.000
230.000
129.000
116.000
118.000
113.000
145.000
127.000
117.000
184.000
217.000
203.000
260.000
319.000
311.000
351.000
374.000
373.000
439.000
426.000
382.000
439.000
443.000
409.000
466.000
509.000
493.000
525.000
550.000
530.000
551.000
502.000
404.000
418.000
390.000
311.000
284.000
207.000
147.000
135.000
85.000
45.000
10.000
-41.000
-74.000
-105.000
-149.000
-210.000
-256.000
-280.000
-332.000
-364.000
-360.000
-392.000
-373.000
-318.000
-348.000
-353.000
-361.000
-437.000
-445.000
-430.000
-457.000
-490.000
-524.000
-516.000
-483.000
-475.000
-498.000
-476.000
-425.000
-423.000
-393.000
-382.000
-374.000
-302.000
-301.000
-291.000
-251.000
-252.000
-217.000
-181.000
-135.000
-106.000
-64.000
29.000
59.000
116.000
144.000
142.000
224.000
226.000
240.000
265.000
249.000
285.000
254.000
264.000
249.000
195.000
230.000
148.000
150.000
141.000
31.000
136.000
52.000
-46.000
55.000
-59.000
-55.000
-42.000
-212.000
-170.000
-172.000
-342.000
-353.000
-260.000
-331.000
-388.000
-247.000
-284.000
-375.000
-278.000
-315.000
-340.000
-209.000
-266.000
-370.000
-187.000
-123.000
-263.000
-81.000
59.000
-48.000
104.000
187.000
81.000
225.000
295.000
219.000
371.000
424.000
348.000
475.000
440.000
401.000
583.000
451.000
459.000
696.000
475.000
464.000
702.000
498.000
418.000
565.000
486.000
376.000
349.000
334.000
320.000
288.000
235.000
204.000
253.000
241.000
130.000
130.000
174.000
156.000
152.000
132.000
119.000
106.000
107.000
133.000
23.000
65.000
212.000
27.000
8.000
120.000
-40.000
22.000
136.000
33.000
116.000
252.000
135.000
75.000
268.000
233.000
119.000
269.000
184.000
116.000
299.000
203.000
120.000
311.000
346.000
216.000
273.000
366.000
247.000
255.000
326.000
190.000
207.000
335.000
204.000
116.000
289.000
230.000
100.000
291.000
198.000
61.000
260.000
128.000
41.000
192.000
112.000
91.000
108.000
113.000
90.000
9.000
139.000
80.000
-33.000
90.000
24.000
-13.000
-1.000
-6.000
48.000
-51.000
29.000
98.000
-40.000
2.000
-44.000
-25.000
166.000
68.000
10.000
128.000
94.000
22.000
40.000
113.000
110.000
72.000
85.000
36.000
64.000
68.000
-83.000
-2.000
39.000
-132.000
-73.000
-62.000
-179.000
-119.000
-129.000
-229.000
-165.000
-126.000
-302.000
-286.000
-162.000
-412.000
-417.000
-232.000
-504.000
-500.000
-297.000
-473.000
-477.000
-413.000
-546.000
-534.000
-492.000
-619.000
-641.000
-471.000
-509.000
-564.000
-402.000
-413.000
-445.000
-436.000
-494.000
-396.000
-328.000
-390.000
-415.000
-324.000
-287.000
-358.000
-250.000
-243.000
-329.000
-237.000
-296.000
-339.000
-291.000
-351.000
-309.000
-291.000
-349.000
-349.000
-361.000
-348.000
-348.000
-374.000
-372.000
-376.000
-364.000
-400.000
-435.000
-392.000
-447.000
-511.000
-514.000
-560.000
-544.000
-575.000
-654.000
-604.000
-573.000
-608.000
-612.000
-562.000
-514.000
-532.000
-558.000
-542.000
-528.000
-553.000
-579.000
-560.000
-493.000
-495.000
-528.000
-403.000
-374.000
-426.000
-326.000
-299.000
-285.000
-234.000
-266.000
-214.000
-121.000
-109.000
-93.000
-23.000
46.000
93.000
137.000
171.000
202.000
237.000
286.000
326.000
374.000
412.000
415.000
465.000
464.000
454.000
517.000
541.000
589.000
599.000
573.000
666.000
704.000
650.000
683.000
677.000
609.000
660.000
594.000
487.000
572.000
493.000
377.000
460.000
450.000
340.000
350.000
406.000
311.000
316.000
336.000
155.000
203.000
260.000
115.000
147.000
180.000
127.000
132.000
116.000
124.000
218.000
243.000
197.000
252.000
260.000
245.000
381.000
400.000
321.000
367.000
397.000
418.000
466.000
409.000
397.000
512.000
509.000
452.000
525.000
540.000
477.000
501.000
476.000
394.000
376.000
320.000
239.000
219.000
191.000
98.000
74.000
67.000
-53.000
-43.000
-38.000
-158.000
-114.000
-163.000
-314.000
-280.000
-340.000
-465.000
-416.000
-415.000
-456.000
-371.000
-369.000
-410.000
-337.000
-339.000
-414.000
-414.000
-388.000
-458.000
-489.000
-477.000
-569.000
-522.000
-476.000
-533.000
-464.000
-454.000
-428.000
-355.000
-358.000
-314.000
-265.000
-229.000
-218.000
-198.000
-165.000
-158.000
-96.000
-78.000
-82.000
-33.000
-8.000
-15.000
12.000
72.000
63.000
109.000
199.000
234.000
276.000
255.000
244.000
251.000
227.000
206.000
167.000
196.000
196.000
158.000
162.000
124.000
125.000
116.000
43.000
34.000
-17.000
-108.000
-92.000
-147.000
-257.000
-259.000
-280.000
-290.000
-278.000
-288.000
-288.000
-289.000
-249.000
-267.000
-251.000
-226.000
-325.000
-248.000
-155.000
-206.000
-177.000
-141.000
-124.000
-72.000
3.000
25.000
63.000
149.000
174.000
245.000
281.000
257.000
325.000
396.000
420.000
430.000
459.000
515.000
575.000
550.000
533.000
637.000
597.000
515.000
525.000
483.000
487.000
481.000
428.000
418.000
444.000
409.000
327.000
347.000
305.000
222.000
231.000
201.000
167.000
117.000
105.000
129.000
87.000
116.000
119.000
61.000
94.000
96.000
47.000
68.000
78.000
68.000
138.000
155.000
109.000
148.000
169.000
149.000
131.000
95.000
124.000
150.000
179.000
227.000
209.000
249.000
273.000
275.000
325.000
309.000
396.000
370.000
283.000
441.000
350.000
275.000
404.000
275.000
275.000
384.000
279.000
217.000
316.000
358.000
338.000
420.000
306.000
235.000
417.000
249.000
148.000
347.000
236.000
157.000
316.000
236.000
59.000
130.000
168.000
73.000
116.000
100.000
-49.000
11.000
60.000
-66.000
-36.000
-24.000
-85.000
19.000
16.000
-76.000
-8.000
20.000
-37.000
31.000
56.000
-60.000
24.000
112.000
17.000
50.000
97.000
63.000
92.000
90.000
-22.000
-19.000
69.000
-20.000
-8.000
35.000
-66.000
-36.000
-84.000
-179.000
-141.000
-186.000
-219.000
-192.000
-229.000
-260.000
-258.000
-307.000
-358.000
-373.000
-403.000
-454.000
-500.000
-460.000
-464.000
-531.000
-530.000
-570.000
-558.000
-564.000
-620.000
-551.000
-541.000
-539.000
-513.000
-574.000
-569.000
-529.000
-515.000
-518.000
-555.000
-553.000
-487.000
-450.000
-472.000
-458.000
-423.000
-418.000
-391.000
-364.000
-423.000
-450.000
-399.000
-436.000
-472.000
-456.000
-498.000
-528.000
-501.000
-508.000
-534.000
-456.000
-468.000
-569.000
-516.000
-522.000
-606.000
-621.000
-600.000
-601.000
-648.000
-631.000
-637.000
-601.000
-501.000
-547.000
-561.000
-507.000
-502.000
-469.000
-436.000
-506.000
-545.000
-455.000
-493.000
-548.000
-504.000
-505.000
-457.000
-434.000
-423.000
-400.000
-405.000
-337.000
-318.000
-336.000
-312.000
-247.000
-173.000
-184.000
-156.000
-87.000
-48.000
-17.000
5.000
67.000
126.000
156.000
204.000
252.000
293.000
325.000
292.000
311.000
431.000
407.000
386.000
477.000
491.000
526.000
561.000
556.000
559.000
570.000
610.000
575.000
549.000
581.000
582.000
608.000
590.000
481.000
450.000
458.000
361.000
348.000
371.000
286.000
322.000
354.000
277.000
239.000
214.000
209.000
160.000
98.000
123.000
136.000
132.000
142.000
161.000
202.000
204.000
234.000
309.000
252.000
323.000
474.000
303.000
369.000
540.000
362.000
482.000
569.000
366.000
505.000
607.000
452.000
515.000
687.000
651.000
629.000
705.000
627.000
575.000
534.000
420.000
484.000
474.000
338.000
370.000
396.000
286.000
184.000
155.000
127.000
79.000
38.000
5.000
-13.000
-95.000
-133.000
-108.000
-216.000
-265.000
-237.000
-292.000
-263.000
-250.000
-345.000
-338.000
-246.000
-258.000
-357.000
-329.000
-281.000
-390.000
-427.000
-367.000
-386.000
-404.000
-406.000
-426.000
-411.000
-418.000
-419.000
-389.000
-381.000
-339.000
-345.000
-371.000
-300.000
-279.000
-278.000
-216.000
-186.000
-176.000
-134.000
-91.000
-42.000
19.000
-3.000
24.000
125.000
82.000
72.000
145.000
110.000
78.000
126.000
111.000
69.000
138.000
105.000
28.000
89.000
92.000
42.000
-46.000
-29.000
19.000
-143.000
-120.000
-106.000
-266.000
-185.000
-178.000
-333.000
-335.000
-303.000
-401.000
-431.000
-312.000
-377.000
-403.000
-285.000
-381.000
-387.000
-295.000
-357.000
-313.000
-247.000
-294.000
-221.000
-79.000
-71.000
-69.000
77.000
144.000
75.000
149.000
226.000
192.000
252.000
299.000
353.000
400.000
370.000
472.000
489.000
433.000
516.000
489.000
473.000
540.000
485.000
440.000
516.000
531.000
391.000
388.000
445.000
336.000
319.000
305.000
229.000
250.000
217.000
193.000
248.000
223.000
190.000
216.000
192.000
161.000
193.000
174.000
159.000
200.000
177.000
167.000
215.000
218.000
209.000
252.000
299.000
308.000
312.000
320.000
308.000
309.000
307.000
267.000
305.000
366.000
324.000
358.000
439.000
437.000
410.000
421.000
479.000
400.000
371.000
454.000
377.000
386.000
424.000
355.000
355.000
352.000
358.000
319.000
333.000
370.000
295.000
359.000
351.000
252.000
283.000
255.000
212.000
195.000
188.000
151.000
117.000
167.000
137.000
132.000
191.000
147.000
73.000
67.000
87.000
50.000
10.000
2.000
-4.000
-46.000
-73.000
-56.000
-90.000
-72.000
-79.000
-89.000
-2.000
-55.000
-90.000
-19.000
-36.000
-96.000
-54.000
-31.000
-141.000
-34.000
18.000
-138.000
-30.000
21.000
-62.000
24.000
85.000
-23.000
-8.000
68.000
-183.000
-152.000
1.000
-231.000
-141.000
-91.000
-274.000
-163.000
-200.000
-370.000
-291.000
-235.000
-393.000
-404.000
-338.000
-491.000
-485.000
-444.000
-595.000
-584.000
-530.000
-587.000
-589.000
-607.000
-622.000
-558.000
-622.000
-654.000
-547.000
-617.000
-599.000
-482.000
-655.000
-664.000
-405.000
-517.000
-635.000
-411.000
-433.000
-475.000
-305.000
-350.000
-373.000
-227.000
-295.000
-399.000
-163.000
-236.000
-531.000
-235.000
-213.000
-438.000
-232.000
-306.000
-414.000
-224.000
-303.000
-493.000
-336.000
-269.000
-508.000
-412.000
-397.000
-602.000
-469.000
-499.000
-634.000
-522.000
-476.000
-518.000
-472.000
-470.000
-539.000
-438.000
-494.000
-646.000
-534.000
-535.000
-586.000
-504.000
-499.000
-501.000
-362.000
-434.000
-623.000
-347.000
-340.000
-563.000
-273.000
-298.000
-455.000
-201.000
-220.000
-340.000
-155.000
-117.000
-226.000
-75.000
-40.000
-128.000
118.000
184.000
16.000
180.000
272.000
162.000
315.000
320.000
189.000
390.000
429.000
316.000
390.000
479.000
521.000
508.000
564.000
585.000
541.000
523.000
543.000
657.000
495.000
391.000
602.000
504.000
378.000
447.000
389.000
327.000
350.000
288.000
225.000
286.000
230.000
194.000
210.000
84.000
106.000
126.000
25.000
64.000
108.000
35.000
14.000
94.000
55.000
-12.000
100.000
177.000
66.000
56.000
226.000
195.000
157.000
267.000
239.000
233.000
313.000
353.000
330.000
396.000
511.000
452.000
501.000
555.000
519.000
579.000
481.000
426.000
503.000
417.000
291.000
299.000
319.000
218.000
197.000
185.000
98.000
127.000
77.000
-9.000
5.000
-72.000
-200.000
-183.000
-149.000
-265.000
-310.000
-301.000
-325.000
-286.000
-317.000
-360.000
-337.000
-292.000
-271.000
-338.000
-329.000
-272.000
-301.000
-329.000
-315.000
-327.000
-356.000
-291.000
-235.000
-227.000
-190.000
-221.000
-183.000
-68.000
-158.000
-236.000
-59.000
-24.000
-141.000
-22.000
52.000
1.000
85.000
139.000
141.000
137.000
149.000
192.000
166.000
202.000
233.000
188.000
232.000
222.000
213.000
274.000
244.000
232.000
213.000
178.000
225.000
253.000
216.000
155.000
207.000
237.000
111.000
128.000
114.000
-21.000
0.000
-63.000
-171.000
-127.000
-157.000
-230.000
-192.000
-172.000
-229.000
-197.000
-166.000
-234.000
-230.000
-241.000
-274.000
-263.000
-302.000
-248.000
-181.000
-197.000
-124.000
-61.000
-28.000
1.000
-21.000
46.000
140.000
148.000
179.000
228.000
211.000
210.000
281.000
295.000
329.000
422.000
369.000
360.000
525.000
557.000
444.000
432.000
460.000
386.000
392.000
419.000
318.000
334.000
356.000
253.000
227.000
208.000
181.000
191.000
154.000
115.000
127.000
121.000
80.000
71.000
59.000
59.000
68.000
43.000
66.000
63.000
67.000
113.000
45.000
46.000
124.000
81.000
47.000
88.000
135.000
144.000
132.000
143.000
171.000
188.000
185.000
229.000
239.000
217.000
272.000
253.000
218.000
286.000
305.000
316.000
363.000
349.000
317.000
370.000
401.000
354.000
385.000
370.000
302.000
366.000
369.000
317.000
335.000
308.000
284.000
301.000
309.000
289.000
263.000
265.000
283.000
321.000
294.000
252.000
228.000
184.000
257.000
266.000
154.000
146.000
84.000
24.000
112.000
136.000
40.000
-17.000
58.000
102.000
4.000
-36.000
19.000
3.000
14.000
88.000
47.000
67.000
121.000
59.000
108.000
85.000
18.000
148.000
130.000
55.000
112.000
103.000
75.000
115.000
155.000
89.000
65.000
75.000
1.000
34.000
-10.000
-97.000
-26.000
-121.000
-199.000
-186.000
-275.000
-277.000
-299.000
-317.000
-301.000
-366.000
-352.000
-389.000
-451.000
-431.000
-512.000
-571.000
-525.000
-552.000
-621.000
-570.000
-556.000
-631.000
-562.000
-519.000
-575.000
-571.000
-539.000
-510.000
-524.000
-506.000
-540.000
-550.000
-441.000
-538.000
-560.000
-395.000
-424.000
-456.000
-304.000
-221.000
-363.000
-273.000
-210.000
-503.000
-308.000
-197.000
-501.000
-311.000
-300.000
-513.000
-367.000
-445.000
-616.000
-514.000
-491.000
-616.000
-571.000
-485.000
-616.000
-590.000
-513.000
-674.000
-617.000
-523.000
-694.000
-687.000
-579.000
-639.000
-655.000
-572.000
-593.000
-666.000
-574.000
-567.000
-723.000
-669.000
-608.000
-661.000
-597.000
-594.000
-603.000
-489.000
-479.000
-498.000
-475.000
-560.000
-505.000
-329.000
-406.000
-424.000
-221.000
-238.000
-302.000
-113.000
-89.000
-167.000
47.000
46.000
-27.000
203.000
145.000
209.000
435.000
180.000
275.000
564.000
339.000
405.000
636.000
462.000
523.000
689.000
464.000
530.000
787.000
649.000
652.000
787.000
720.000
724.000
701.000
581.000
633.000
709.000
521.000
413.000
475.000
346.000
356.000
444.000
314.000
355.000
385.000
257.000
272.000
227.000
99.000
131.000
153.000
33.000
32.000
101.000
81.000
182.000
195.000
116.000
289.000
293.000
174.000
311.000
298.000
187.000
328.000
430.000
373.000
426.000
498.000
461.000
511.000
571.000
536.000
497.000
567.000
666.000
498.000
475.000
588.000
379.000
386.000
395.000
180.000
250.000
201.000
31.000
65.000
67.000
-36.000
-71.000
19.000
-148.000
-258.000
-125.000
-335.000
-390.000
-244.000
-445.000
-498.000
-332.000
-408.000
-536.000
-328.000
-311.000
-593.000
-344.000
-216.000
-517.000
-380.000
-328.000
-493.000
-357.000
-386.000
-521.000
-399.000
-358.000
-419.000
-320.000
-275.000
-353.000
-259.000
-149.000
-248.000
-278.000
-175.000
-149.000
-109.000
-61.000
-111.000
-15.000
85.000
12.000
95.000
124.000
26.000
122.000
114.000
50.000
181.000
190.000
142.000
236.000
210.000
89.000
145.000
199.000
109.000
151.000
221.000
100.000
82.000
133.000
4.000
-18.000
44.000
-43.000
-21.000
-10.000
-150.000
-139.000
-150.000
-283.000
-296.000
-263.000
-288.000
-292.000
-215.000
-207.000
-267.000
-219.000
-199.000
-220.000
-201.000
-225.000
-201.000
-125.000
-79.000
-28.000
28.000
67.000
105.000
159.000
220.000
269.000
289.000
334.000
386.000
385.000
432.000
452.000
422.000
495.000
576.000
594.000
567.000
555.000
593.000
540.000
465.000
474.000
459.000
406.000
412.000
462.000
416.000
330.000
326.000
340.000
295.000
197.000
169.000
166.000
126.000
167.000
179.000
94.000
80.000
134.000
119.000
85.000
98.000
101.000
151.000
164.000
117.000
153.000
176.000
222.000
205.000
171.000
340.000
288.000
192.000
361.000
316.000
317.000
451.000
315.000
295.000
461.000
386.000
320.000
481.000
404.000
328.000
580.000
485.000
331.000
523.000
411.000
293.000
428.000
318.000
239.000
399.000
371.000
236.000
342.000
409.000
292.000
299.000
294.000
199.000
228.000
193.000
92.000
154.000
142.000
76.000
157.000
102.000
39.000
124.000
60.000
53.000
105.000
21.000
50.000
76.000
-12.000
-45.000
-1.000
25.000
-29.000
6.000
22.000
-15.000
159.000
169.000
11.000
120.000
143.000
24.000
80.000
77.000
26.000
108.000
58.000
-60.000
50.000
104.000
-25.000
17.000
103.000
23.000
37.000
28.000
-111.000
-73.000
-87.000
-203.000
-148.000
-177.000
-227.000
-201.000
-266.000
-245.000
-252.000
-350.000
-311.000
-319.000
-438.000
-439.000
-414.000
-543.000
-641.000
-598.000
-603.000
-668.000
-675.000
-659.000
-702.000
-641.000
-564.000
-709.000
-635.000
-477.000
-631.000
-597.000
-527.000
-653.000
-596.000
-568.000
-677.000
-630.000
-528.000
-599.000
-569.000
-387.000
-440.000
-427.000
-333.000
-459.000
-444.000
-413.000
-522.000
-491.000
-417.000
-445.000
-464.000
-395.000
-461.000
-485.000
-334.000
-440.000
-463.000
-346.000
-497.000
-440.000
-361.000
-575.000
-509.000
-427.000
-684.000
-646.000
-467.000
-671.000
-611.000
-426.000
-676.000
-606.000
-444.000
-692.000
-602.000
-449.000
-692.000
-690.000
-520.000
-678.000
-721.000
-528.000
-647.000
-683.000
-448.000
-561.000
-609.000
-394.000
-476.000
-484.000
-296.000
-397.000
-409.000
-229.000
-311.000
-321.000
-178.000
-223.000
-169.000
-24.000
-12.000
57.000
179.000
212.000
206.000
281.000
336.000
326.000
378.000
366.000
380.000
481.000
443.000
485.000
618.000
556.000
545.000
657.000
608.000
562.000
662.000
604.000
511.000
596.000
522.000
406.000
489.000
451.000
353.000
382.000
378.000
409.000
443.000
336.000
331.000
416.000
350.000
307.000
319.000
282.000
266.000
242.000
259.000
307.000
263.000
283.000
392.000
385.000
368.000
457.000
477.000
434.000
461.000
511.000
513.000
510.000
588.000
606.000
563.000
670.000
698.000
656.000
759.000
757.000
689.000
713.000
698.000
607.000
550.000
557.000
452.000
390.000
423.000
297.000
264.000
276.000
158.000
154.000
101.000
3.000
2.000
-51.000
-134.000
-240.000
-303.000
-332.000
-400.000
-389.000
-388.000
-402.000
-376.000
-421.000
-426.000
-402.000
-419.000
-360.000
-329.000
-415.000
-420.000
-344.000
-416.000
-430.000
-323.000
-440.000
-459.000
-273.000
-321.000
-320.000
-200.000
-249.000
-205.000
-142.000
-202.000
-110.000
-49.000
-91.000
41.000
88.000
25.000
143.000
143.000
90.000
238.000
209.000
141.000
316.000
361.000
272.000
305.000
356.000
320.000
318.000
314.000
227.000
275.000
279.000
122.000
189.000
219.000
111.000
174.000
128.000
6.000
27.000
-31.000
-109.000
-73.000
-123.000
-250.000
-228.000
-236.000
-358.000
-332.000
-310.000
-371.000
-355.000
-368.000
-396.000
-358.000
-341.000
-396.000
-394.000
-306.000
-337.000
-356.000
-254.000
-202.000
-150.000
-106.000
-87.000
8.000
105.000
135.000
170.000
251.000
322.000
353.000
322.000
362.000
501.000
412.000
341.000
513.000
501.000
458.000
579.000
594.000
582.000
608.000
578.000
522.000
482.000
414.000
330.000
341.000
330.000
237.000
255.000
293.000
207.000
200.000
271.000
203.000
134.000
127.000
54.000
9.000
6.000
-30.000
-86.000
-74.000
-22.000
-87.000
-97.000
-35.000
-48.000
-26.000
-26.000
4.000
67.000
50.000
93.000
115.000
107.000
151.000
150.000
148.000
135.000
137.000
153.000
158.000
203.000
194.000
223.000
278.000
244.000
246.000
266.000
265.000
234.000
215.000
243.000
241.000
288.000
288.000
239.000
307.000
320.000
271.000
270.000
299.000
308.000
255.000
227.000
213.000
202.000
196.000
218.000
248.000
156.000
164.000
185.000
83.000
213.000
249.000
32.000
13.000
105.000
111.000
37.000
26.000
81.000
58.000
83.000
81.000
22.000
70.000
68.000
21.000
32.000
-12.000
-37.000
74.000
114.000
5.000
39.000
151.000
86.000
75.000
168.000
132.000
111.000
136.000
65.000
34.000
38.000
27.000
8.000
-87.000
-89.000
-103.000
-201.000
-126.000
-118.000
-214.000
-202.000
-224.000
-244.000
-238.000
-269.000
-329.000
-361.000
-315.000
-371.000
-479.000
-484.000
-489.000
-532.000
-537.000
-523.000
-579.000
-549.000
-515.000
-619.000
-534.000
-509.000
-681.000
-601.000
-479.000
-580.000
-654.000
-494.000
-447.000
-617.000
-530.000
-494.000
-585.000
-396.000
-317.000
-378.000
-352.000
-360.000
-406.000
-448.000
-413.000
-433.000
-496.000
-511.000
-561.000
-483.000
-467.000
-577.000
-441.000
-376.000
-548.000
-496.000
-447.000
-697.000
-667.000
-465.000
-624.000
-685.000
-539.000
-496.000
-513.000
-590.000
-584.000
-535.000
-560.000
-616.000
-635.000
-523.000
-551.000
-602.000
-550.000
-636.000
-562.000
-517.000
-651.000
-584.000
-534.000
-522.000
-510.000
-529.000
-427.000
-427.000
-448.000
-357.000
-318.000
-292.000
-264.000
-191.000
-152.000
-153.000
-59.000
-47.000
-65.000
53.000
145.000
145.000
153.000
195.000
251.000
306.000
324.000
342.000
372.000
416.000
490.000
460.000
488.000
630.000
596.000
577.000
638.000
614.000
591.000
581.000
600.000
587.000
557.000
569.000
491.000
490.000
539.000
452.000
431.000
453.000
447.000
435.000
349.000
351.000
396.000
319.000
297.000
302.000
252.000
265.000
271.000
274.000
278.000
217.000
251.000
303.000
275.000
322.000
349.000
349.000
433.000
474.000
435.000
454.000
547.000
538.000
499.000
551.000
521.000
519.000
629.000
638.000
597.000
604.000
599.000
580.000
586.000
558.000
492.000
502.000
483.000
387.000
367.000
363.000
271.000
198.000
202.000
141.000
58.000
66.000
3.000
-80.000
-51.000
-111.000
-217.000
-204.000
-229.000
-321.000
-336.000
-323.000
-339.000
-342.000
-329.000
-337.000
-368.000
-340.000
-326.000
-379.000
-351.000
-362.000
-411.000
-345.000
-352.000
-410.000
-396.000
-383.000
-358.000
-364.000
-365.000
-324.000
-318.000
-294.000
-263.000
-249.000
-211.000
-196.000
-191.000
-152.000
-132.000
-125.000
-84.000
-19.000
27.000
11.000
28.000
112.000
124.000
117.000
138.000
150.000
151.000
130.000
159.000
132.000
140.000
220.000
76.000
90.000
190.000
21.000
111.000
163.000
5.000
112.000
13.000
-133.000
22.000
-126.000
-291.000
-131.000
-234.000
-340.000
-144.000
-290.000
-414.000
-171.000
-335.000
-437.000
-151.000
-294.000
-403.000
-127.000
-176.000
-289.000
-73.000
-77.000
-205.000
-1.000
43.000
-34.000
194.000
201.000
103.000
317.000
325.000
211.000
379.000
425.000
369.000
541.000
533.000
426.000
605.000
630.000
527.000
639.000
665.000
566.000
555.000
573.000
529.000
504.000
498.000
431.000
431.000
409.000
291.000
291.000
300.000
208.000
189.000
210.000
114.000
119.000
201.000
11.000
15.000
190.000
-33.000
-39.000
172.000
21.000
-15.000
132.000
73.000
9.000
80.000
32.000
-20.000
148.000
92.000
-41.000
137.000
102.000
15.000
190.000
134.000
59.000
202.000
160.000
104.000
226.000
194.000
146.000
278.000
239.000
145.000
247.000
219.000
150.000
235.000
196.000
154.000
230.000
151.000
121.000
258.000
213.000
135.000
207.000
176.000
135.000
179.000
97.000
69.000
180.000
111.000
17.000
127.000
154.000
49.000
27.000
24.000
7.000
66.000
27.000
-93.000
-31.000
18.000
-31.000
-21.000
-45.000
-8.000
62.000
7.000
5.000
51.000
75.000
60.000
2.000
13.000
74.000
151.000
94.000
-18.000
117.000
215.000
157.000
128.000
91.000
180.000
243.000
109.000
46.000
123.000
192.000
122.000
8.000
4.000
34.000
36.000
-50.000
-131.000
-91.000
-138.000
-208.000
-198.000
-277.000
-250.000
-204.000
-394.000
-428.000
-350.000
-460.000
-502.000
-524.000
-567.000
-501.000
-516.000
-574.000
-570.000
-523.000
-470.000
-541.000
-606.000
-577.000
-564.000
-523.000
-535.000
-623.000
-553.000
-408.000
-446.000
-512.000
-458.000
-396.000
-377.000
-382.000
-370.000
-360.000
-330.000
-305.000
-399.000
-396.000
-346.000
-440.000
-469.000
-474.000
-483.000
-456.000
-435.000
-411.000
-454.000
-384.000
-346.000
-475.000
-435.000
-482.000
-575.000
-462.000
-511.000
-621.000
-556.000
-479.000
-514.000
-516.000
-476.000
-535.000
-484.000
-479.000
-581.000
-550.000
-588.000
-544.000
-538.000
-664.000
-524.000
-488.000
-538.000
-478.000
-526.000
-441.000
-409.000
-549.000
-541.000
-428.000
-393.000
-463.000
-342.000
-217.000
-277.000
-163.000
-170.000
-270.000
-101.000
-92.000
-203.000
-76.000
21.000
-12.000
83.000
205.000
180.000
245.000
375.000
316.000
326.000
455.000
403.000
476.000
616.000
470.000
599.000
728.000
499.000
674.000
743.000
543.000
728.000
668.000
498.000
746.000
722.000
418.000
528.000
666.000
396.000
464.000
572.000
273.000
467.000
564.000
244.000
420.000
417.000
117.000
264.000
330.000
104.000
210.000
377.000
143.000
213.000
404.000
119.000
210.000
422.000
211.000
343.000
504.000
306.000
376.000
537.000
405.000
407.000
492.000
361.000
495.000
683.000
501.000
567.000
706.000
535.000
592.000
675.000
487.000
534.000
633.000
433.000
412.000
494.000
311.000
271.000
337.000
184.000
129.000
199.000
103.000
36.000
61.000
-51.000
-97.000
-90.000
-244.000
-259.000
-253.000
-427.000
-439.000
-390.000
-469.000
-473.000
-418.000
-449.000
-417.000
-312.000
-396.000
-453.000
-384.000
-476.000
-534.000
-504.000
-538.000
-522.000
-502.000
-502.000
-460.000
-422.000
-412.000
-389.000
-342.000
-355.000
-347.000
-299.000
-340.000
-332.000
-241.000
-257.000
-255.000
-136.000
-114.000
-104.000
-3.000
-26.000
-6.000
92.000
49.000
65.000
110.000
78.000
115.000
162.000
170.000
144.000
130.000
138.000
117.000
121.000
100.000
63.000
80.000
67.000
31.000
7.000
-28.000
-59.000
-94.000
-144.000
-153.000
-151.000
-217.000
-255.000
-267.000
-308.000
-292.000
-294.000
-323.000
-288.000
-238.000
-245.000
-280.000
-211.000
-163.000
-218.000
-189.000
-180.000
-190.000
-91.000
-47.000
-17.000
77.000
115.000
151.000
224.000
245.000
299.000
360.000
335.000
416.000
485.000
420.000
524.000
583.000
493.000
598.000
632.000
528.000
597.000
621.000
515.000
516.000
517.000
397.000
407.000
472.000
335.000
320.000
383.000
254.000
286.000
319.000
160.000
216.000
218.000
84.000
179.000
156.000
47.000
150.000
132.000
60.000
115.000
72.000
32.000
126.000
169.000
137.000
179.000
161.000
83.000
170.000
181.000
101.000
178.000
196.000
182.000
246.000
247.000
249.000
273.000
264.000
246.000
303.000
384.000
336.000
308.000
359.000
349.000
358.000
355.000
277.000
278.000
341.000
331.000
293.000
281.000
293.000
314.000
297.000
272.000
273.000
255.000
229.000
226.000
223.000
170.000
160.000
205.000
149.000
138.000
170.000
88.000
104.000
117.000
7.000
33.000
65.000
8.000
-2.000
20.000
57.000
31.000
25.000
56.000
20.000
74.000
98.000
33.000
106.000
112.000
50.000
129.000
107.000
64.000
145.000
100.000
62.000
147.000
177.000
181.000
173.000
178.000
186.000
164.000
139.000
46.000
2.000
14.000
-23.000
-42.000
-109.000
-112.000
-65.000
-128.000
-123.000
-135.000
-214.000
-182.000
-199.000
-288.000
-311.000
-360.000
-442.000
-469.000
-500.000
-527.000
-550.000
-580.000
-548.000
-567.000
-603.000
-592.000
-631.000
-596.000
-556.000
-575.000
-554.000
-560.000
-526.000
-499.000
-522.000
-509.000
-541.000
-538.000
-481.000
-508.000
-558.000
-532.000
-467.000
-468.000
-460.000
-442.000
-481.000
-440.000
-427.000
-488.000
-483.000
-494.000
-499.000
-474.000
-475.000
-523.000
-523.000
-450.000
-527.000
-555.000
-491.000
-611.000
-576.000
-495.000
-615.000
-606.000
-591.000
-634.000
-620.000
-631.000
-626.000
-628.000
-609.000
-580.000
-577.000
-574.000
-618.000
-593.000
-570.000
-635.000
-640.000
-653.000
-644.000
-567.000
-572.000
-597.000
-567.000
-541.000
-534.000
-529.000
-497.000
-462.000
-414.000
-351.000
-335.000
-311.000
-255.000
-218.000
-181.000
-157.000
-135.000
-71.000
-7.000
14.000
70.000
164.000
204.000
266.000
331.000
349.000
371.000
377.000
463.000
466.000
391.000
541.000
563.000
487.000
619.000
585.000
513.000
646.000
639.000
518.000
595.000
631.000
482.000
511.000
522.000
398.000
459.000
427.000
348.000
433.000
377.000
294.000
337.000
345.000
302.000
299.000
306.000
228.000
227.000
283.000
236.000
236.000
227.000
222.000
314.000
302.000
259.000
321.000
374.000
378.000
393.000
422.000
434.000
494.000
514.000
488.000
572.000
596.000
592.000
664.000
642.000
686.000
723.000
613.000
676.000
739.000
628.000
641.000
655.000
556.000
565.000
573.000
440.000
397.000
443.000
335.000
265.000
304.000
196.000
126.000
150.000
67.000
10.000
-4.000
-75.000
-127.000
-164.000
-250.000
-290.000
-268.000
-343.000
-389.000
-335.000
-358.000
-360.000
-365.000
-419.000
-383.000
-388.000
-445.000
-449.000
-454.000
-473.000
-524.000
-509.000
-474.000
-523.000
-489.000
-452.000
-457.000
-404.000
-415.000
-402.000
-343.000
-334.000
-289.000
-276.000
-257.000
-198.000
-167.000
-135.000
-121.000
-64.000
-19.000
-1.000
58.000
40.000
65.000
109.000
83.000
117.000
142.000
149.000
112.000
168.000
223.000
20.000
104.000
210.000
-44.000
55.000
145.000
-49.000
1.000
32.000
-74.000
-117.000
-133.000
-219.000
-290.000
-234.000
-307.000
-373.000
-301.000
-371.000
-384.000
-343.000
-422.000
-394.000
-323.000
-362.000
-366.000
-327.000
-326.000
-295.000
-226.000
-166.000
-203.000
-193.000
28.000
18.000
-39.000
151.000
106.000
162.000
337.000
206.000
286.000
484.000
428.000
450.000
594.000
531.000
450.000
627.000
598.000
550.000
745.000
624.000
581.000
746.000
555.000
471.000
602.000
473.000
403.000
515.000
438.000
366.000
421.000
362.000
317.000
339.000
301.000
253.000
260.000
231.000
166.000
195.000
157.000
132.000
214.000
133.000
157.000
235.000
80.000
103.000
189.000
114.000
139.000
165.000
126.000
145.000
180.000
152.000
161.000
273.000
247.000
236.000
355.000
291.000
261.000
328.000
297.000
323.000
307.000
248.000
307.000
346.000
311.000
326.000
353.000
304.000
328.000
368.000
313.000
316.000
301.000
236.000
252.000
284.000
222.000
191.000
235.000
164.000
145.000
209.000
167.000
180.000
178.000
127.000
166.000
183.000
138.000
105.000
95.000
74.000
55.000
32.000
0.000
-8.000
19.000
61.000
32.000
51.000
110.000
65.000
105.000
141.000
87.000
103.000
98.000
83.000
122.000
109.000
85.000
131.000
114.000
77.000
137.000
137.000
122.000
127.000
83.000
77.000
84.000
50.000
-10.000
-35.000
-61.000
-96.000
-81.000
-119.000
-163.000
-193.000
-230.000
-221.000
-263.000
-301.000
-311.000
-343.000
-397.000
-478.000
-495.000
-501.000
-553.000
-579.000
-570.000
-568.000
-575.000
-583.000
-613.000
-603.000
-592.000
-577.000
-546.000
-567.000
-510.000
-499.000
-534.000
-478.000
-525.000
-524.000
-482.000
-543.000
-489.000
-445.000
-474.000
-415.000
-375.000
-395.000
-398.000
-393.000
-415.000
-434.000
-414.000
-447.000
-515.000
-512.000
-496.000
-472.000
-485.000
-518.000
-453.000
-460.000
-502.000
-496.000
-566.000
-577.000
-571.000
-633.000
-651.000
-650.000
-674.000
-698.000
-663.000
-660.000
-700.000
-683.000
-652.000
-630.000
-662.000
-658.000
-611.000
-645.000
-634.000
-633.000
-667.000
-640.000
-667.000
-676.000
-626.000
-625.000
-635.000
-597.000
-521.000
-511.000
-510.000
-451.000
-451.000
-395.000
-337.000
-397.000
-374.000
-309.000
-253.000
-246.000
-198.000
-70.000
-133.000
-38.000
114.000
20.000
102.000
196.000
227.000
216.000
282.000
459.000
313.000
434.000
560.000
335.000
563.000
575.000
429.000
679.000
681.000
624.000
668.000
658.000
642.000
624.000
593.000
490.000
581.000
608.000
402.000
448.000
510.000
406.000
403.000
408.000
391.000
427.000
395.000
369.000
400.000
343.000
316.000
350.000
343.000
307.000
268.000
286.000
296.000
309.000
324.000
326.000
442.000
515.000
512.000
594.000
621.000
602.000
661.000
667.000
678.000
749.000
699.000
738.000
841.000
778.000
785.000
800.000
762.000
762.000
722.000
713.000
721.000
692.000
583.000
509.000
519.000
409.000
301.000
229.000
176.000
174.000
55.000
-1.000
31.000
-53.000
-96.000
-96.000
-190.000
-254.000
-278.000
-380.000
-427.000
-430.000
-505.000
-507.000
-482.000
-504.000
-493.000
-478.000
-454.000
-449.000
-519.000
-543.000
-481.000
-476.000
-547.000
-569.000
-532.000
-551.000
-601.000
-584.000
-565.000
-533.000
-479.000
-474.000
-443.000
-388.000
-369.000
-346.000
-304.000
-304.000
-317.000
-251.000
-187.000
-159.000
-131.000
-142.000
-93.000
-6.000
-43.000
-71.000
24.000
48.000
42.000
120.000
124.000
100.000
119.000
99.000
78.000
102.000
78.000
29.000
97.000
92.000
22.000
66.000
30.000
4.000
4.000
-72.000
-72.000
-108.000
-154.000
-131.000
-164.000
-202.000
-183.000
-201.000
-237.000
-180.000
-228.000
-305.000
-165.000
-126.000
-187.000
-92.000
-32.000
-18.000
96.000
126.000
80.000
213.000
289.000
252.000
378.000
444.000
442.000
550.000
585.000
544.000
579.000
623.000
612.000
663.000
734.000
707.000
729.000
814.000
794.000
767.000
768.000
708.000
712.000
690.000
584.000
582.000
550.000
491.000
518.000
476.000
387.000
368.000
364.000
325.000
299.000
258.000
209.000
211.000
182.000
146.000
129.000
98.000
97.000
100.000
79.000
60.000
98.000
115.000
104.000
136.000
126.000
116.000
111.000
116.000
144.000
109.000
121.000
179.000
212.000
205.000
161.000
175.000
199.000
202.000
204.000
234.000
218.000
206.000
315.000
205.000
154.000
314.000
175.000
190.000
326.000
152.000
169.000
254.000
102.000
101.000
209.000
117.000
116.000
249.000
156.000
140.000
165.000
-22.000
0.000
87.000
-66.000
-119.000
-10.000
-54.000
-145.000
-59.000
-120.000
-224.000
-120.000
-189.000
-289.000
-234.000
-244.000
-227.000
-208.000
-266.000
-247.000
-156.000
-162.000
-218.000
-192.000
-186.000
-157.000
-111.000
-174.000
-174.000
-100.000
-100.000
-126.000
-92.000
-25.000
-9.000
29.000
44.000
-8.000
80.000
73.000
-105.000
0.000
59.000
-119.000
-10.000
36.000
-143.000
-47.000
-44.000
-257.000
-219.000
-196.000
-373.000
-355.000
-279.000
-397.000
-340.000
-272.000
-478.000
-512.000
-440.000
-516.000
-516.000
-530.000
-669.000
-625.000
-533.000
-748.000
-773.000
-561.000
-698.000
-750.000
-558.000
-611.000
-623.000
-489.000
-563.000
-567.000
-409.000
-454.000
-465.000
-411.000
-510.000
-464.000
-407.000
-471.000
-421.000
-361.000
-337.000
-318.000
-308.000
-316.000
-317.000
-260.000
-322.000
-382.000
-303.000
-360.000
-407.000
-312.000
-352.000
-404.000
-332.000
-376.000
-422.000
-380.000
-462.000
-489.000
-421.000
-500.000
-537.000
-487.000
-540.000
-554.000
-502.000
-500.000
-456.000
-408.000
-467.000
-486.000
-411.000
-442.000
-520.000
-472.000
-454.000
-488.000
-447.000
-426.000
-436.000
-404.000
-382.000
-396.000
-388.000
-353.000
-328.000
-303.000
-274.000
-207.000
-150.000
-150.000
-89.000
-26.000
1.000
52.000
57.000
99.000
171.000
170.000
207.000
288.000
366.000
462.000
528.000
528.000
522.000
574.000
592.000
558.000
575.000
587.000
608.000
693.000
706.000
651.000
684.000
762.000
738.000
672.000
671.000
662.000
621.000
602.000
559.000
495.000
484.000
442.000
384.000
383.000
317.000
275.000
274.000
229.000
239.000
234.000
215.000
209.000
196.000
209.000
179.000
172.000
156.000
156.000
170.000
139.000
209.000
200.000
216.000
313.000
285.000
385.000
422.000
367.000
444.000
463.000
467.000
500.000
529.000
497.000
559.000
626.000
511.000
603.000
602.000
539.000
668.000
537.000
527.000
549.000
355.000
399.000
380.000
199.000
179.000
216.000
135.000
93.000
97.000
-58.000
-72.000
-27.000
-162.000
-185.000
-152.000
-209.000
-264.000
-277.000
-280.000
-294.000
-338.000
-363.000
-310.000
-329.000
-383.000
-411.000
-419.000
-376.000
-399.000
-397.000
-434.000
-493.000
-435.000
-501.000
-524.000
-451.000
-484.000
-431.000
-356.000
-385.000
-387.000
-297.000
-264.000
-319.000
-259.000
-188.000
-182.000
-150.000
-140.000
-82.000
32.000
59.000
53.000
111.000
152.000
144.000
133.000
138.000
205.000
235.000
186.000
198.000
208.000
168.000
127.000
86.000
137.000
173.000
96.000
65.000
59.000
58.000
32.000
-78.000
-117.000
-111.000
-167.000
-213.000
-238.000
-286.000
-318.000
-319.000
-362.000
-373.000
-356.000
-373.000
-357.000
-335.000
-316.000
-323.000
-322.000
-283.000
-283.000
-236.000
-183.000
-169.000
-129.000
-62.000
16.000
24.000
104.000
209.000
236.000
354.000
389.000
374.000
464.000
480.000
488.000
525.000
521.000
543.000
551.000
536.000
558.000
547.000
536.000
547.000
506.000
519.000
484.000
398.000
400.000
337.000
308.000
329.000
281.000
271.000
228.000
179.000
181.000
129.000
92.000
119.000
94.000
65.000
95.000
68.000
68.000
101.000
89.000
113.000
93.000
102.000
123.000
83.000
126.000
137.000
141.000
177.000
160.000
179.000
190.000
226.000
239.000
209.000
282.000
264.000
210.000
283.000
269.000
241.000
272.000
264.000
287.000
324.000
327.000
280.000
295.000
367.000
339.000
350.000
316.000
261.000
322.000
218.000
148.000
179.000
144.000
187.000
193.000
190.000
172.000
177.000
225.000
93.000
94.000
160.000
30.000
-11.000
-14.000
-79.000
-61.000
-10.000
-91.000
-82.000
-28.000
-149.000
-92.000
-92.000
-203.000
-96.000
-87.000
-76.000
1.000
-28.000
-82.000
-51.000
53.000
4.000
57.000
150.000
67.000
176.000
202.000
138.000
258.000
255.000
224.000
260.000
232.000
219.000
238.000
184.000
116.000
138.000
121.000
80.000
47.000
-8.000
-42.000
-68.000
-66.000
-153.000
-198.000
-129.000
-187.000
-257.000
-353.000
-419.000
-417.000
-518.000
-535.000
-574.000
-615.000
-608.000
-730.000
-710.000
-717.000
-755.000
-671.000
-759.000
-705.000
-617.000
-721.000
-667.000
-649.000
-656.000
-586.000
-589.000
-576.000
-573.000
-545.000
-536.000
-556.000
-431.000
-433.000
-503.000
-331.000
-314.000
-422.000
-300.000
-280.000
-338.000
-267.000
-304.000
-338.000
-290.000
-327.000
-339.000
-265.000
-296.000
-367.000
-286.000
-274.000
-365.000
-367.000
-396.000
-422.000
-402.000
-432.000
-448.000
-406.000
-407.000
-468.000
-475.000
-486.000
-494.000
-501.000
-593.000
-555.000
-514.000
-621.000
-563.000
-506.000
-644.000
-627.000
-509.000
-596.000
-634.000
-604.000
-704.000
-632.000
-533.000
-641.000
-566.000
-409.000
-449.000
-477.000
-432.000
-441.000
-408.000
-295.000
-266.000
-252.000
-118.000
-49.000
-62.000
25.000
81.000
85.000
201.000
292.000
315.000
330.000
410.000
528.000
486.000
534.000
665.000
614.000
639.000
669.000
613.000
676.000
753.000
725.000
686.000
794.000
824.000
699.000
739.000
719.000
596.000
617.000
575.000
466.000
472.000
470.000
357.000
329.000
352.000
243.000
223.000
249.000
137.000
107.000
153.000
107.000
102.000
151.000
91.000
88.000
188.000
154.000
95.000
131.000
166.000
134.000
165.000
281.000
265.000
310.000
414.000
394.000
430.000
425.000
425.000
459.000
433.000
499.000
496.000
519.000
636.000
593.000
579.000
613.000
611.000
629.000
561.000
494.000
475.000
400.000
333.000
324.000
284.000
235.000
211.000
155.000
127.000
101.000
33.000
-1.000
-40.000
-98.000
-132.000
-159.000
-235.000
-300.000
-268.000
-278.000
-327.000
-305.000
-347.000
-353.000
-272.000
-339.000
-372.000
-328.000
-380.000
-373.000
-377.000
-446.000
-459.000
-428.000
-414.000
-432.000
-395.000
-395.000
-381.000
-318.000
-350.000
-322.000
-300.000
-279.000
-205.000
-201.000
-138.000
-99.000
-78.000
-21.000
11.000
71.000
66.000
104.000
185.000
182.000
193.000
250.000
301.000
272.000
329.000
346.000
232.000
291.000
286.000
181.000
215.000
259.000
209.000
187.000
215.000
116.000
89.000
95.000
-18.000
-22.000
-84.000
-188.000
-198.000
-214.000
-265.000
-339.000
-329.000
-365.000
-390.000
-335.000
-364.000
-356.000
-346.000
-313.000
-245.000
-277.000
-246.000
-211.000
-220.000
-157.000
-163.000
-152.000
-52.000
-23.000
43.000
117.000
184.000
270.000
280.000
398.000
371.000
342.000
523.000
392.000
439.000
558.000
464.000
614.000
578.000
599.000
623.000
531.000
645.000
419.000
460.000
589.000
278.000
414.000
438.000
257.000
413.000
373.000
168.000
164.000
266.000
161.000
85.000
196.000
132.000
132.000
178.000
-5.000
15.000
108.000
-112.000
-64.000
15.000
-179.000
73.000
138.000
-141.000
74.000
103.000
-159.000
-9.000
78.000
-134.000
54.000
260.000
-7.000
78.000
297.000
107.000
102.000
299.000
271.000
216.000
295.000
198.000
257.000
416.000
177.000
276.000
481.000
293.000
348.000
398.000
314.000
363.000
339.000
266.000
346.000
487.000
384.000
330.000
434.000
325.000
282.000
265.000
106.000
189.000
194.000
37.000
185.000
210.000
30.000
130.000
182.000
-21.000
-37.000
122.000
-18.000
-182.000
-90.000
-143.000
-143.000
-54.000
-173.000
-133.000
4.000
-75.000
-109.000
-16.000
-11.000
-17.000
9.000
-19.000
48.000
124.000
82.000
62.000
160.000
205.000
56.000
95.000
201.000
99.000
122.000
147.000
87.000
109.000
110.000
63.000
51.000
53.000
-61.000
-117.000
-70.000
-154.000
-247.000
-218.000
-200.000
-292.000
-345.000
-362.000
-380.000
-363.000
-455.000
-504.000
-507.000
-573.000
-582.000
-611.000
-601.000
-604.000
-647.000
-606.000
-624.000
-659.000
-625.000
-627.000
-650.000
-571.000
-535.000
-618.000
-558.000
-519.000
-580.000
-549.000
-545.000
-555.000
-474.000
-354.000
-368.000
-417.000
-335.000
-330.000
-335.000
-344.000
-451.000
-387.000
-323.000
-424.000
-448.000
-503.000
-571.000
-503.000
-498.000
-556.000
-549.000
-483.000
-452.000
-500.000
-476.000
-488.000
-527.000
-518.000
-593.000
-559.000
-579.000
-681.000
-615.000
-615.000
-633.000
-651.000
-669.000
-594.000
-607.000
-603.000
-604.000
-617.000
-594.000
-638.000
-637.000
-656.000
-664.000
-630.000
-617.000
-576.000
-543.000
-460.000
-470.000
-469.000
-316.000
-331.000
-336.000
-261.000
-237.000
-182.000
-196.000
-169.000
-93.000
21.000
128.000
16.000
89.000
351.000
316.000
294.000
443.000
437.000
474.000
622.000
510.000
487.000
745.000
700.000
613.000
754.000
724.000
710.000
779.000
661.000
636.000
773.000
683.000
589.000
702.000
609.000
520.000
601.000
418.000
320.000
480.000
382.000
221.000
278.000
268.000
231.000
273.000
190.000
146.000
231.000
173.000
77.000
92.000
72.000
63.000
145.000
102.000
86.000
242.000
225.000
214.000
332.000
367.000
400.000
419.000
474.000
525.000
540.000
549.000
491.000
594.000
651.000
542.000
596.000
636.000
627.000
651.000
607.000
588.000
632.000
630.000
546.000
501.000
489.000
445.000
405.000
335.000
252.000
255.000
233.000
111.000
88.000
57.000
12.000
35.000
-93.000
-120.000
-120.000
-234.000
-210.000
-297.000
-336.000
-290.000
-367.000
-338.000
-316.000
-298.000
-293.000
-346.000
-344.000
-366.000
-353.000
-387.000
-429.000
-406.000
-447.000
-408.000
-385.000
-465.000
-438.000
-389.000
-462.000
-453.000
-348.000
-385.000
-316.000
-189.000
-234.000
-148.000
-69.000
-93.000
-5.000
43.000
34.000
74.000
160.000
221.000
201.000
260.000
323.000
339.000
426.000
369.000
368.000
461.000
301.000
286.000
368.000
330.000
363.000
303.000
283.000
274.000
221.000
216.000
157.000
165.000
92.000
57.000
73.000
-39.000
41.000
-33.000
-187.000
-77.000
-121.000
-207.000
-214.000
-246.000
-257.000
-257.000
-297.000
-334.000
-280.000
-270.000
-204.000
-145.000
-176.000
-63.000
-50.000
-84.000
13.000
61.000
97.000
169.000
287.000
306.000
291.000
403.000
422.000
374.000
404.000
437.000
437.000
442.000
457.000
497.000
487.000
426.000
459.000
419.000
374.000
386.000
236.000
191.000
219.000
145.000
96.000
61.000
69.000
53.000
7.000
-29.000
-36.000
-48.000
-150.000
-155.000
-146.000
-201.000
-239.000
-289.000
-232.000
-234.000
-282.000
-245.000
-229.000
-213.000
-244.000
-229.000
-189.000
-142.000
-86.000
-186.000
-92.000
-2.000
-150.000
2.000
80.000
-58.000
51.000
65.000
-38.000
27.000
50.000
-38.000
41.000
186.000
112.000
226.000
358.000
196.000
357.000
356.000
142.000
407.000
304.000
74.000
360.000
309.000
119.000
302.000
356.000
177.000
246.000
366.000
226.000
339.000
427.000
239.000
394.000
451.000
231.000
319.000
359.000
216.000
267.000
295.000
196.000
230.000
297.000
173.000
102.000
213.000
170.000
160.000
304.000
163.000
94.000
262.000
199.000
188.000
276.000
195.000
263.000
364.000
216.000
250.000
425.000
364.000
360.000
419.000
355.000
395.000
449.000
362.000
344.000
419.000
366.000
351.000
429.000
287.000
238.000
341.000
208.000
155.000
205.000
104.000
65.000
47.000
-43.000
-63.000
-73.000
-127.000
-134.000
-140.000
-229.000
-294.000
-288.000
-343.000
-355.000
-346.000
-498.000
-508.000
-446.000
-597.000
-647.000
-621.000
-659.000
-619.000
-602.000
-634.000
-597.000
-552.000
-564.000
-561.000
-544.000
-507.000
-466.000
-454.000
-478.000
-532.000
-473.000
-470.000
-519.000
-432.000
-467.000
-451.000
-457.000
-580.000
-489.000
-534.000
-630.000
-626.000
-694.000
-629.000
-605.000
-659.000
-708.000
-706.000
-684.000
-781.000
-716.000
-695.000
-766.000
-725.000
-792.000
-790.000
-798.000
-847.000
-861.000
-912.000
-817.000
-890.000
-953.000
-802.000
-878.000
-893.000
-834.000
-884.000
-850.000
-835.000
-835.000
-825.000
-803.000
-780.000
-762.000
-708.000
-749.000
-731.000
-592.000
-539.000
-526.000
-505.000
-452.000
-389.000
-363.000
-372.000
-371.000
-286.000
-257.000
-224.000
-134.000
-120.000
-39.000
42.000
56.000
152.000
235.000
284.000
359.000
415.000
409.000
442.000
497.000
465.000
482.000
527.000
520.000
533.000
576.000
593.000
556.000
589.000
576.000
536.000
597.000
533.000
498.000
489.000
387.000
400.000
375.000
315.000
326.000
324.000
275.000
250.000
317.000
226.000
161.000
254.000
197.000
202.000
242.000
169.000
179.000
226.000
234.000
241.000
304.000
281.000
255.000
374.000
343.000
368.000
508.000
426.000
483.000
629.000
529.000
541.000
639.000
582.000
599.000
688.000
661.000
661.000
746.000
726.000
717.000
754.000
630.000
603.000
644.000
516.000
527.000
547.000
425.000
433.000
441.000
329.000
248.000
278.000
225.000
49.000
90.000
116.000
-20.000
22.000
-51.000
-222.000
-105.000
-116.000
-320.000
-294.000
-248.000
-364.000
-366.000
-329.000
-447.000
-402.000
-284.000
-419.000
-425.000
-354.000
-468.000
-431.000
-376.000
-492.000
-449.000
-353.000
-472.000
-474.000
-327.000
-391.000
-383.000
-274.000
-321.000
-276.000
-251.000
-284.000
-186.000
-161.000
-120.000
28.000
78.000
114.000
237.000
275.000
228.000
279.000
320.000
303.000
368.000
409.000
416.000
489.000
478.000
414.000
459.000
484.000
396.000
338.000
355.000
342.000
304.000
274.000
209.000
185.000
166.000
84.000
61.000
7.000
-100.000
-147.000
-201.000
-237.000
-248.000
-267.000
-262.000
-285.000
-293.000
-291.000
-349.000
-306.000
-250.000
-332.000
-309.000
-277.000
-329.000
-249.000
-192.000
-178.000
-85.000
-28.000
19.000
127.000
200.000
197.000
286.000
363.000
327.000
430.000
511.000
496.000
555.000
572.000
581.000
644.000
667.000
604.000
613.000
694.000
635.000
605.000
622.000
559.000
559.000
533.000
438.000
416.000
377.000
282.000
268.000
262.000
232.000
262.000
224.000
189.000
188.000
105.000
86.000
81.000
7.000
-29.000
-45.000
-68.000
-62.000
-55.000
-87.000
-49.000
0.000
-32.000
5.000
59.000
62.000
46.000
29.000
76.000
77.000
50.000
80.000
99.000
138.000
147.000
139.000
224.000
269.000
224.000
217.000
283.000
318.000
301.000
317.000
342.000
375.000
359.000
315.000
396.000
399.000
308.000
318.000
327.000
334.000
349.000
311.000
262.000
318.000
376.000
243.000
191.000
231.000
115.000
59.000
97.000
40.000
18.000
73.000
18.000
23.000
16.000
-133.000
-38.000
-17.000
-168.000
-110.000
-91.000
-98.000
-89.000
-102.000
-118.000
-132.000
-53.000
-135.000
-135.000
-25.000
-85.000
-65.000
-87.000
-12.000
44.000
-67.000
102.000
113.000
-8.000
130.000
164.000
153.000
184.000
123.000
49.000
97.000
82.000
-52.000
34.000
106.000
21.000
37.000
8.000
-91.000
-104.000
-150.000
-253.000
-212.000
-211.000
-352.000
-315.000
-314.000
-498.000
-534.000
-499.000
-581.000
-637.000
-617.000
-649.000
-684.000
-694.000
-743.000
-713.000
-680.000
-733.000
-730.000
-740.000
-741.000
-674.000
-769.000
-819.000
-613.000
-640.000
-767.000
-588.000
-566.000
-658.000
-554.000
-632.000
-701.000
-553.000
-578.000
-634.000
-606.000
-607.000
-532.000
-532.000
-596.000
-519.000
-510.000
-676.000
-621.000
-439.000
-571.000
-595.000
-463.000
-580.000
-529.000
-428.000
-606.000
-605.000
-512.000
-611.000
-580.000
-511.000
-626.000
-552.000
-445.000
-616.000
-628.000
-544.000
-645.000
-588.000
-484.000
-607.000
-561.000
-386.000
-476.000
-546.000
-443.000
-419.000
-476.000
-467.000
-447.000
-477.000
-373.000
-352.000
-424.000
-255.000
-235.000
-333.000
-200.000
-112.000
-124.000
-112.000
-80.000
-8.000
100.000
110.000
94.000
232.000
300.000
295.000
354.000
373.000
431.000
547.000
548.000
503.000
594.000
611.000
561.000
635.000
600.000
600.000
678.000
589.000
621.000
727.000
615.000
597.000
741.000
632.000
547.000
667.000
536.000
458.000
581.000
515.000
445.000
448.000
391.000
333.000
317.000
264.000
227.000
300.000
277.000
256.000
359.000
315.000
265.000
346.000
274.000
201.000
332.000
284.000
205.000
328.000
252.000
237.000
363.000
297.000
353.000
399.000
311.000
385.000
434.000
392.000
394.000
442.000
515.000
542.000
548.000
510.000
521.000
616.000
571.000
500.000
519.000
512.000
525.000
524.000
461.000
427.000
393.000
337.000
338.000
294.000
200.000
199.000
145.000
102.000
89.000
-29.000
-46.000
-60.000
-149.000
-209.000
-255.000
-234.000
-331.000
-392.000
-322.000
-396.000
-466.000
-458.000
-414.000
-450.000
-501.000
-417.000
-458.000
-482.000
-450.000
-535.000
-495.000
-413.000
-454.000
-471.000
-415.000
-454.000
-482.000
-413.000
-447.000
-416.000
-344.000
-335.000
-238.000
-154.000
-114.000
-85.000
23.000
102.000
60.000
131.000
169.000
192.000
274.000
255.000
291.000
345.000
356.000
419.000
445.000
417.000
389.000
396.000
409.000
356.000
285.000
268.000
246.000
221.000
204.000
121.000
95.000
89.000
19.000
0.000
-60.000
-138.000
-168.000
-208.000
-237.000
-295.000
-361.000
-381.000
-387.000
-409.000
-426.000
-407.000
-429.000
-463.000
-430.000
-411.000
-405.000
-372.000
-359.000
-339.000
-265.000
-237.000
-234.000
-117.000
-28.000
-20.000
50.000
93.000
149.000
236.000
244.000
313.000
375.000
366.000
413.000
450.000
469.000
459.000
481.000
539.000
536.000
556.000
529.000
520.000
547.000
481.000
477.000
469.000
430.000
436.000
406.000
379.000
361.000
348.000
311.000
287.000
295.000
270.000
257.000
227.000
198.000
157.000
117.000
131.000
102.000
72.000
76.000
100.000
47.000
50.000
196.000
63.000
42.000
234.000
80.000
92.000
232.000
78.000
95.000
203.000
68.000
72.000
262.000
188.000
163.000
327.000
252.000
300.000
397.000
217.000
298.000
401.000
233.000
310.000
446.000
317.000
266.000
385.000
353.000
274.000
367.000
328.000
252.000
340.000
294.000
252.000
286.000
227.000
224.000
257.000
215.000
141.000
165.000
167.000
49.000
73.000
95.000
50.000
118.000
102.000
41.000
93.000
94.000
-3.000
-26.000
-33.000
-76.000
-37.000
-73.000
-133.000
-57.000
-34.000
-72.000
-59.000
-17.000
1.000
-3.000
-5.000
20.000
71.000
22.000
-31.000
31.000
45.000
13.000
39.000
-2.000
-79.000
-4.000
17.000
-89.000
-100.000
-81.000
-79.000
-77.000
-126.000
-198.000
-212.000
-186.000
-219.000
-283.000
-365.000
-383.000
-360.000
-427.000
-476.000
-496.000
-493.000
-537.000
-568.000
-510.000
-573.000
-555.000
-566.000
-676.000
-597.000
-643.000
-685.000
-651.000
-674.000
-625.000
-701.000
-640.000
-593.000
-724.000
-563.000
-536.000
-587.000
-466.000
-542.000
-522.000
-439.000
-526.000
-526.000
-410.000
-366.000
-411.000
-338.000
-313.000
-361.000
-295.000
-397.000
-453.000
-314.000
-383.000
-483.000
-409.000
-416.000
-506.000
-423.000
-405.000
-537.000
-486.000
-507.000
-565.000
-506.000
-605.000
-639.000
-560.000
-573.000
-597.000
-595.000
-633.000
-639.000
-581.000
-712.000
-695.000
-564.000
-731.000
-629.000
-523.000
-675.000
-545.000
-507.000
-633.000
-519.000
-393.000
-520.000
-471.000
-278.000
-422.000
-315.000
-151.000
-322.000
-151.000
-28.000
-127.000
-25.000
51.000
35.000
51.000
164.000
170.000
115.000
293.000
376.000
318.000
422.000
491.000
513.000
628.000
572.000
508.000
610.000
589.000
605.000
605.000
557.000
666.000
650.000
622.000
631.000
601.000
635.000
541.000
584.000
652.000
475.000
484.000
532.000
484.000
482.000
401.000
341.000
359.000
340.000
232.000
196.000
276.000
236.000
213.000
222.000
139.000
168.000
211.000
135.000
121.000
161.000
143.000
151.000
227.000
216.000
196.000
256.000
263.000
269.000
267.000
246.000
279.000
305.000
377.000
430.000
430.000
504.000
469.000
445.000
605.000
555.000
552.000
731.000
597.000
564.000
666.000
521.000
545.000
611.000
531.000
518.000
564.000
550.000
415.000
431.000
366.000
219.000
315.000
184.000
93.000
187.000
27.000
-52.000
-11.000
-54.000
-161.000
-173.000
-192.000
-355.000
-299.000
-353.000
-487.000
-373.000
-497.000
-542.000
-427.000
-573.000
-614.000
-532.000
-561.000
-552.000
-501.000
-557.000
-529.000
-423.000
-545.000
-568.000
-462.000
-535.000
-503.000
-427.000
-492.000
-433.000
-298.000
-328.000
-303.000
-155.000
-221.000
-174.000
34.000
-87.000
-29.000
227.000
113.000
113.000
264.000
177.000
192.000
343.000
230.000
134.000
414.000
363.000
108.000
423.000
398.000
97.000
430.000
378.000
5.000
328.000
320.000
-115.000
161.000
228.000
-207.000
27.000
169.000
-216.000
-116.000
28.000
-283.000
-280.000
-139.000
-423.000
-366.000
-155.000
-432.000
-306.000
-159.000
-425.000
-259.000
-239.000
-446.000
-280.000
-263.000
-349.000
-207.000
-128.000
-169.000
-61.000
11.000
-60.000
104.000
171.000
82.000
243.000
293.000
257.000
367.000
462.000
410.000
361.000
580.000
543.000
378.000
637.000
622.000
475.000
659.000
611.000
483.000
582.000
502.000
339.000
512.000
535.000
307.000
402.000
382.000
183.000
274.000
262.000
91.000
172.000
270.000
64.000
61.000
196.000
-22.000
0.000
118.000
-25.000
82.000
121.000
-28.000
34.000
108.000
12.000
-9.000
83.000
34.000
86.000
175.000
65.000
147.000
211.000
112.000
174.000
237.000
216.000
225.000
288.000
308.000
298.000
358.000
340.000
331.000
392.000
308.000
318.000
475.000
342.000
243.000
424.000
323.000
229.000
386.000
258.000
210.000
432.000
367.000
250.000
365.000
275.000
96.000
242.000
218.000
26.000
131.000
104.000
59.000
196.000
32.000
-72.000
113.000
22.000
-147.000
-6.000
-58.000
-228.000
-37.000
-114.000
-288.000
-104.000
-223.000
-239.000
-26.000
-219.000
-249.000
9.000
27.000
-141.000
-136.000
6.000
11.000
79.000
19.000
-97.000
97.000
35.000
-67.000
53.000
-10.000
94.000
163.000
54.000
205.000
228.000
54.000
56.000
92.000
48.000
32.000
14.000
-62.000
-16.000
-13.000
-180.000
-121.000
-130.000
-365.000
-256.000
-195.000
-458.000
-446.000
-304.000
-372.000
-505.000
-599.000
-586.000
-523.000
-592.000
-713.000
-647.000
-549.000
-601.000
-618.000
-631.000
-655.000
-576.000
-580.000
-644.000
-594.000
-558.000
-585.000
-566.000
-545.000
-547.000
-529.000
-543.000
-489.000
-417.000
-496.000
-511.000
-485.000
-501.000
-481.000
-575.000
-602.000
-556.000
-641.000
-616.000
-594.000
-659.000
-616.000
-557.000
-520.000
-580.000
-636.000
-598.000
-620.000
-556.000
-591.000
-744.000
-647.000
-617.000
-700.000
-672.000
-673.000
-631.000
-548.000
-563.000
-623.000
-570.000
-544.000
-614.000
-481.000
-491.000
-642.000
-485.000
-461.000
-529.000
-464.000
-458.000
-366.000
-338.000
-326.000
-277.000
-323.000
-212.000
-230.000
-316.000
-136.000
-121.000
-162.000
-64.000
-8.000
35.000
57.000
63.000
53.000
170.000
254.000
179.000
304.000
379.000
343.000
431.000
434.000
406.000
440.000
536.000
451.000
386.000
677.000
560.000
493.000
813.000
551.000
501.000
791.000
550.000
452.000
601.000
542.000
497.000
556.000
456.000
353.000
496.000
332.000
163.000
416.000
287.000
142.000
400.000
351.000
200.000
351.000
383.000
218.000
311.000
381.000
186.000
249.000
307.000
201.000
331.000
352.000
275.000
385.000
408.000
342.000
370.000
389.000
350.000
433.000
549.000
498.000
513.000
658.000
674.000
627.000
686.000
683.000
635.000
711.000
711.000
677.000
715.000
657.000
661.000
705.000
602.000
525.000
532.000
520.000
448.000
377.000
353.000
300.000
225.000
179.000
142.000
78.000
38.000
52.000
20.000
-63.000
-92.000
-96.000
-204.000
-270.000
-242.000
-386.000
-419.000
-304.000
-446.000
-474.000
-368.000
-429.000
-410.000
-425.000
-491.000
-418.000
-424.000
-502.000
-496.000
-458.000
-483.000
-517.000
-460.000
-458.000
-477.000
-410.000
-419.000
-429.000
-348.000
-271.000
-208.000
-183.000
-149.000
-59.000
-11.000
5.000
61.000
122.000
172.000
234.000
274.000
288.000
323.000
313.000
276.000
313.000
348.000
323.000
298.000
310.000
333.000
307.000
294.000
310.000
265.000
210.000
190.000
135.000
83.000
104.000
19.000
-140.000
-106.000
-149.000
-312.000
-276.000
-298.000
-380.000
-335.000
-403.000
-491.000
-461.000
-487.000
-546.000
-530.000
-536.000
-578.000
-501.000
-438.000
-461.000
-404.000
-345.000
-304.000
-265.000
-230.000
-171.000
-157.000
-56.000
45.000
18.000
125.000
252.000
259.000
284.000
333.000
384.000
409.000
470.000
503.000
483.000
572.000
567.000
471.000
543.000
550.000
425.000
419.000
443.000
396.000
429.000
461.000
397.000
428.000
435.000
322.000
309.000
329.000
274.000
220.000
191.000
168.000
103.000
89.000
126.000
61.000
16.000
58.000
34.000
30.000
100.000
75.000
57.000
134.000
139.000
115.000
145.000
129.000
83.000
100.000
139.000
114.000
108.000
146.000
166.000
235.000
268.000
237.000
277.000
291.000
280.000
309.000
301.000
291.000
293.000
281.000
305.000
340.000
324.000
315.000
350.000
370.000
360.000
327.000
325.000
346.000
311.000
341.000
343.000
251.000
340.000
329.000
172.000
315.000
294.000
36.000
158.000
225.000
54.000
111.000
49.000
-91.000
70.000
-26.000
-219.000
-28.000
-120.000
-269.000
25.000
-69.000
-279.000
-37.000
-137.000
-247.000
26.000
-185.000
-301.000
27.000
-158.000
-274.000
-48.000
-152.000
-93.000
38.000
-130.000
-33.000
161.000
51.000
-46.000
25.000
29.000
-18.000
36.000
15.000
-48.000
-41.000
-35.000
-70.000
-224.000
-184.000
-25.000
-189.000
-278.000
-193.000
-238.000
-301.000
-387.000
-512.000
-504.000
-390.000
-476.000
-553.000
-485.000
-610.000
-503.000
-434.000
-771.000
-646.000
-476.000
-622.000
-574.000
-606.000
-602.000
-547.000
-637.000
-651.000
-622.000
-560.000
-598.000
-612.000
-485.000
-496.000
-458.000
-410.000
-429.000
-404.000
-425.000
-386.000
-424.000
-412.000
-299.000
-449.000
-523.000
-370.000
-335.000
-530.000
-531.000
-236.000
-373.000
-487.000
-274.000
-417.000
-467.000
-415.000
-510.000
-407.000
-431.000
-595.000
-594.000
-531.000
-610.000
-674.000
-487.000
-510.000
-579.000
-410.000
-483.000
-544.000
-466.000
-509.000
-517.000
-490.000
-534.000
-663.000
-541.000
-388.000
-626.000
-566.000
-331.000
-420.000
-346.000
-285.000
-369.000
-185.000
-48.000
-166.000
-126.000
19.000
-68.000
-69.000
42.000
-69.000
-56.000
41.000
-41.000
63.000
195.000
63.000
103.000
321.000
269.000
215.000
386.000
384.000
377.000
521.000
486.000
492.000
589.000
556.000
597.000
659.000
593.000
573.000
615.000
570.000
528.000
597.000
555.000
494.000
553.000
464.000
423.000
532.000
477.000
423.000
475.000
469.000
422.000
391.000
399.000
394.000
357.000
308.000
286.000
308.000
271.000
201.000
165.000
185.000
248.000
193.000
149.000
244.000
266.000
255.000
289.000
293.000
294.000
312.000
338.000
360.000
398.000
414.000
368.000
428.000
505.000
425.000
437.000
533.000
501.000
518.000
579.000
541.000
555.000
589.000
524.000
555.000
623.000
513.000
488.000
588.000
509.000
409.000
390.000
317.000
288.000
229.000
96.000
75.000
63.000
-28.000
-55.000
-68.000
-131.000
-143.000
-178.000
-254.000
-255.000
-278.000
-305.000
-324.000
-383.000
-408.000
-473.000
-475.000
-447.000
-525.000
-478.000
-456.000
-488.000
-432.000
-464.000
-429.000
-410.000
-459.000
-380.000
-394.000
-425.000
-371.000
-310.000
-242.000
-236.000
-203.000
-264.000
-229.000
-35.000
-161.000
-152.000
102.000
74.000
85.000
209.000
189.000
200.000
284.000
222.000
218.000
418.000
374.000
325.000
481.000
382.000
298.000
351.000
285.000
240.000
240.000
214.000
148.000
155.000
130.000
-1.000
47.000
16.000
-151.000
-107.000
-110.000
-244.000
-268.000
-309.000
-431.000
-397.000
-372.000
-499.000
-451.000
-439.000
-544.000
-484.000
-482.000
-506.000
-430.000
-400.000
-407.000
-345.000
-248.000
-332.000
-308.000
-130.000
-201.000
-152.000
14.000
-1.000
76.000
154.000
161.000
221.000
253.000
258.000
308.000
376.000
377.000
422.000
501.000
462.000
419.000
425.000
467.000
460.000
385.000
404.000
451.000
500.000
478.000
336.000
336.000
373.000
283.000
222.000
216.000
199.000
191.000
182.000
77.000
40.000
107.000
58.000
55.000
86.000
68.000
112.000
100.000
73.000
22.000
67.000
198.000
-19.000
-35.000
193.000
16.000
45.000
137.000
-39.000
88.000
154.000
64.000
94.000
109.000
173.000
134.000
154.000
222.000
144.000
257.000
282.000
218.000
291.000
212.000
235.000
297.000
243.000
233.000
221.000
337.000
294.000
200.000
386.000
356.000
242.000
289.000
268.000
245.000
245.000
240.000
184.000
194.000
228.000
124.000
130.000
156.000
69.000
70.000
121.000
51.000
-76.000
-57.000
-71.000
-124.000
-98.000
-145.000
-142.000
-128.000
-91.000
-56.000
-77.000
61.000
-58.000
-164.000
74.000
-19.000
-121.000
-73.000
-84.000
21.000
62.000
62.000
-27.000
127.000
338.000
10.000
53.000
232.000
35.000
167.000
163.000
-5.000
129.000
160.000
-15.000
14.000
206.000
6.000
-55.000
131.000
-106.000
-70.000
61.000
-216.000
-242.000
-154.000
-228.000
-301.000
-254.000
-318.000
-497.000
-363.000
-423.000
-602.000
-452.000
-519.000
-533.000
-430.000
-591.000
-561.000
-428.000
-546.000
-615.000
-472.000
-470.000
-626.000
-546.000
-487.000
-553.000
-427.000
-399.000
-459.000
-307.000
-333.000
-485.000
-420.000
-458.000
-476.000
-427.000
-535.000
-352.000
-280.000
-556.000
-426.000
-332.000
-512.000
-465.000
-419.000
-439.000
-361.000
-374.000
-487.000
-392.000
-313.000
-495.000
-433.000
-354.000
-535.000
-506.000
-499.000
-590.000
-455.000
-452.000
-609.000
-419.000
-288.000
-601.000
-554.000
-355.000
-582.000
-542.000
-420.000
-540.000
-446.000
-429.000
-554.000
-463.000
-385.000
-484.000
-429.000
-311.000
-416.000
-352.000
-260.000
-396.000
-329.000
-299.000
-373.000
-234.000
-181.000
-267.000
-256.000
-103.000
0.000
-28.000
39.000
133.000
185.000
217.000
219.000
303.000
355.000
381.000
457.000
445.000
482.000
530.000
428.000
469.000
613.000
598.000
626.000
684.000
666.000
681.000
637.000
637.000
651.000
557.000
589.000
583.000
507.000
517.000
427.000
423.000
431.000
304.000
330.000
341.000
282.000
293.000
250.000
214.000
224.000
205.000
160.000
189.000
249.000
185.000
197.000
306.000
268.000
195.000
255.000
296.000
206.000
203.000
277.000
279.000
342.000
372.000
368.000
474.000
521.000
500.000
517.000
564.000
590.000
597.000
644.000
636.000
637.000
661.000
575.000
562.000
607.000
570.000
553.000
552.000
541.000
501.000
459.000
426.000
326.000
254.000
210.000
127.000
88.000
60.000
23.000
5.000
-39.000
-107.000
-147.000
-155.000
-213.000
-300.000
-319.000
-309.000
-343.000
-393.000
-432.000
-463.000
-442.000
-462.000
-543.000
-507.000
-505.000
-570.000
-541.000
-549.000
-566.000
-555.000
-565.000
-532.000
-539.000
-517.000
-479.000
-490.000
-409.000
-385.000
-402.000
-345.000
-326.000
-295.000
-281.000
-214.000
-94.000
-109.000
-86.000
-21.000
19.000
114.000
153.000
184.000
213.000
181.000
210.000
270.000
256.000
198.000
212.000
266.000
257.000
221.000
218.000
246.000
181.000
134.000
172.000
82.000
31.000
35.000
-31.000
-27.000
-106.000
-197.000
-156.000
-209.000
-299.000
-281.000
-278.000
-390.000
-425.000
-383.000
-431.000
-435.000
-452.000
-434.000
-336.000
-380.000
-356.000
-287.000
-278.000
-207.000
-208.000
-148.000
-106.000
-142.000
-60.000
-12.000
89.000
145.000
182.000
342.000
222.000
297.000
516.000
245.000
365.000
673.000
405.000
420.000
611.000
384.000
424.000
667.000
481.000
442.000
713.000
599.000
458.000
577.000
474.000
425.000
540.000
370.000
318.000
508.000
321.000
153.000
356.000
301.000
138.000
268.000
290.000
127.000
143.000
216.000
110.000
134.000
216.000
63.000
85.000
155.000
-17.000
12.000
117.000
36.000
66.000
157.000
102.000
138.000
235.000
65.000
73.000
291.000
128.000
70.000
217.000
78.000
51.000
142.000
106.000
175.000
237.000
207.000
226.000
250.000
223.000
210.000
234.000
233.000
213.000
189.000
171.000
205.000
205.000
148.000
184.000
267.000
249.000
204.000
175.000
124.000
112.000
112.000
81.000
88.000
93.000
10.000
1.000
128.000
2.000
-213.000
-79.000
-58.000
-233.000
-168.000
-106.000
-137.000
-95.000
-90.000
-109.000
-75.000
-49.000
-91.000
-93.000
-77.000
-147.000
-109.000
-35.000
-102.000
-78.000
19.000
-27.000
-43.000
61.000
68.000
63.000
144.000
112.000
92.000
174.000
212.000
183.000
93.000
136.000
206.000
93.000
119.000
162.000
42.000
38.000
5.000
-78.000
-30.000
-15.000
-56.000
-110.000
-166.000
-172.000
-198.000
-238.000
-269.000
-338.000
-354.000
-325.000
-379.000
-396.000
-394.000
-480.000
-444.000
-418.000
-559.000
-555.000
-511.000
-598.000
-606.000
-534.000
-478.000
-473.000
-476.000
-458.000
-479.000
-509.000
-541.000
-530.000
-480.000
-480.000
-464.000
-437.000
-411.000
-404.000
-449.000
-435.000
-448.000
-479.000
-425.000
-439.000
-449.000
-451.000
-496.000
-440.000
-434.000
-477.000
-429.000
-473.000
-531.000
-470.000
-497.000
-590.000
-566.000
-557.000
-615.000
-594.000
-572.000
-548.000
-496.000
-548.000
-540.000
-466.000
-570.000
-635.000
-543.000
-519.000
-538.000
-534.000
-494.000
-405.000
-414.000
-474.000
-481.000
-506.000
-500.000
-502.000
-510.000
-418.000
-382.000
-342.000
-237.000
-243.000
-247.000
-202.000
-182.000
-146.000
-121.000
-84.000
-50.000
-5.000
68.000
52.000
54.000
173.000
199.000
162.000
284.000
372.000
335.000
438.000
522.000
506.000
569.000
539.000
531.000
628.000
565.000
538.000
639.000
645.000
634.000
667.000
686.000
685.000
650.000
622.000
625.000
565.000
483.000
483.000
456.000
404.000
416.000
423.000
407.000
394.000
367.000
344.000
343.000
330.000
318.000
304.000
232.000
257.000
279.000
178.000
253.000
283.000
189.000
291.000
295.000
287.000
431.000
351.000
322.000
515.000
439.000
328.000
564.000
556.000
430.000
685.000
597.000
491.000
794.000
577.000
504.000
807.000
556.000
524.000
735.000
511.000
485.000
664.000
532.000
361.000
467.000
401.000
170.000
250.000
133.000
2.000
225.000
27.000
-116.000
87.000
-131.000
-212.000
-78.000
-327.000
-388.000
-236.000
-385.000
-447.000
-320.000
-414.000
-468.000
-328.000
-402.000
-485.000
-359.000
-456.000
-597.000
-475.000
-496.000
-577.000
-521.000
-590.000
-573.000
-459.000
-528.000
-500.000
-392.000
-422.000
-405.000
-323.000
-300.000
-304.000
-231.000
-174.000
-177.000
-81.000
-53.000
-79.000
31.000
57.000
51.000
117.000
118.000
148.000
202.000
195.000
220.000
299.000
307.000
245.000
268.000
274.000
202.000
220.000
196.000
123.000
197.000
185.000
68.000
126.000
120.000
-9.000
30.000
3.000
-130.000
-107.000
-111.000
-200.000
-224.000
-252.000
-355.000
-388.000
-316.000
-384.000
-417.000
-297.000
-340.000
-346.000
-261.000
-349.000
-354.000
-254.000
-297.000
-270.000
-116.000
-179.000
-159.000
75.000
-58.000
-48.000
284.000
164.000
158.000
390.000
274.000
346.000
525.000
346.000
315.000
509.000
441.000
390.000
544.000
393.000
351.000
595.000
427.000
351.000
529.000
392.000
365.000
467.000
316.000
249.000
336.000
218.000
135.000
259.000
141.000
52.000
155.000
66.000
110.000
146.000
-14.000
80.000
114.000
-25.000
4.000
14.000
-26.000
73.000
83.000
-71.000
44.000
163.000
-4.000
54.000
124.000
33.000
120.000
147.000
108.000
148.000
125.000
84.000
168.000
233.000
104.000
158.000
274.000
134.000
184.000
240.000
145.000
217.000
216.000
180.000
251.000
252.000
165.000
162.000
273.000
191.000
143.000
285.000
241.000
246.000
297.000
206.000
279.000
349.000
194.000
111.000
239.000
238.000
70.000
99.000
98.000
20.000
89.000
15.000
-45.000
77.000
-7.000
-124.000
0.000
22.000
-111.000
-105.000
-121.000
-185.000
-125.000
-170.000
-202.000
-110.000
-147.000
-118.000
-1.000
-38.000
-77.000
-8.000
64.000
11.000
-43.000
37.000
75.000
113.000
150.000
98.000
173.000
228.000
142.000
172.000
182.000
153.000
178.000
71.000
41.000
103.000
-9.000
-38.000
31.000
-51.000
-142.000
-118.000
-106.000
-179.000
-207.000
-240.000
-286.000
-212.000
-288.000
-406.000
-299.000
-335.000
-407.000
-340.000
-397.000
-421.000
-370.000
-410.000
-448.000
-462.000
-460.000
-447.000
-414.000
-387.000
-425.000
-375.000
-293.000
-342.000
-362.000
-346.000
-353.000
-326.000
-374.000
-411.000
-324.000
-334.000
-378.000
-329.000
-348.000
-352.000
-312.000
-361.000
-357.000
-366.000
-474.000
-433.000
-378.000
-481.000
-504.000
-491.000
-527.000
-509.000
-555.000
-610.000
-565.000
-556.000
-566.000
-570.000
-589.000
-576.000
-573.000
-597.000
-622.000
-600.000
-575.000
-630.000
-616.000
-561.000
-557.000
-528.000
-523.000
-508.000
-534.000
-572.000
-464.000
-461.000
-523.000
-449.000
-438.000
-447.000
-441.000
-423.000
-342.000
-364.000
-360.000
-281.000
-274.000
-238.000
-219.000
-181.000
-84.000
-75.000
-41.000
33.000
77.000
163.000
213.000
233.000
278.000
320.000
381.000
410.000
437.000
499.000
501.000
515.000
579.000
579.000
574.000
579.000
556.000
598.000
614.000
564.000
592.000
620.000
603.000
591.000
572.000
574.000
514.000
420.000
418.000
408.000
337.000
264.000
260.000
294.000
242.000
213.000
221.000
189.000
214.000
218.000
202.000
224.000
171.000
171.000
222.000
195.000
208.000
217.000
258.000
340.000
316.000
365.000
426.000
430.000
535.000
517.000
496.000
598.000
534.000
524.000
585.000
514.000
539.000
601.000
577.000
577.000
609.000
623.000
600.000
620.000
607.000
539.000
563.000
528.000
394.000
352.000
343.000
245.000
149.000
166.000
151.000
76.000
55.000
21.000
-30.000
-67.000
-117.000
-191.000
-269.000
-295.000
-348.000
-406.000
-418.000
-440.000
-425.000
-447.000
-486.000
-438.000
-425.000
-462.000
-476.000
-440.000
-422.000
-474.000
-483.000
-468.000
-475.000
-501.000
-533.000
-500.000
-504.000
-519.000
-479.000
-438.000
-366.000
-384.000
-420.000
-331.000
-315.000
-296.000
-210.000
-203.000
-154.000
-47.000
2.000
60.000
117.000
136.000
190.000
235.000
219.000
227.000
290.000
341.000
309.000
251.000
255.000
270.000
234.000
173.000
201.000
227.000
134.000
134.000
120.000
6.000
31.000
15.000
-67.000
-44.000
-116.000
-208.000
-167.000
-195.000
-304.000
-342.000
-365.000
-426.000
-485.000
-519.000
-505.000
-504.000
-473.000
-402.000
-436.000
-425.000
-345.000
-380.000
-371.000
-285.000
-255.000
-244.000
-170.000
-78.000
-37.000
32.000
96.000
132.000
176.000
167.000
201.000
266.000
288.000
323.000
362.000
440.000
471.000
468.000
539.000
534.000
522.000
570.000
554.000
517.000
494.000
479.000
464.000
476.000
431.000
317.000
349.000
385.000
299.000
276.000
292.000
267.000
220.000
203.000
199.000
189.000
185.000
129.000
132.000
161.000
103.000
116.000
132.000
92.000
111.000
118.000
83.000
55.000
104.000
161.000
101.000
67.000
113.000
157.000
180.000
133.000
120.000
225.000
235.000
171.000
213.000
242.000
245.000
277.000
295.000
337.000
357.000
349.000
355.000
381.000
399.000
344.000
373.000
404.000
332.000
377.000
403.000
352.000
372.000
381.000
374.000
348.000
329.000
308.000
294.000
327.000
301.000
299.000
263.000
192.000
243.000
171.000
103.000
152.000
71.000
22.000
11.000
-31.000
-39.000
-59.000
-27.000
-2.000
-37.000
-52.000
-50.000
-56.000
-68.000
-75.000
-83.000
-59.000
-74.000
-116.000
-87.000
-91.000
-41.000
12.000
-22.000
15.000
2.000
11.000
62.000
2.000
-7.000
-15.000
0.000
33.000
-31.000
14.000
71.000
24.000
-16.000
-34.000
-18.000
-36.000
-87.000
-138.000
-133.000
-140.000
-231.000
-229.000
-247.000
-298.000
-295.000
-357.000
-350.000
-362.000
-407.000
-377.000
-402.000
-408.000
-433.000
-439.000
-392.000
-445.000
-450.000
-428.000
-400.000
-379.000
-434.000
-413.000
-416.000
-428.000
-402.000
-419.000
-361.000
-354.000
-362.000
-299.000
-295.000
-300.000
-325.000
-328.000
-318.000
-341.000
-332.000
-342.000
-318.000
-292.000
-310.000
-319.000
-316.000
-351.000
-419.000
-356.000
-429.000
-524.000
-343.000
-486.000
-596.000
-386.000
-530.000
-618.000
-529.000
-645.000
-710.000
-654.000
-708.000
-803.000
-651.000
-689.000
-819.000
-512.000
-575.000
-768.000
-562.000
-690.000
-782.000
-596.000
-695.000
-802.000
-580.000
-488.000
-729.000
-596.000
-414.000
-647.000
-532.000
-433.000
-581.000
-402.000
-385.000
-458.000
-226.000
-205.000
-298.000
-131.000
-56.000
-146.000
-57.000
52.000
48.000
128.000
194.000
206.000
313.000
376.000
336.000
452.000
551.000
431.000
459.000
539.000
489.000
539.000
530.000
509.000
616.000
621.000
577.000
575.000
588.000
620.000
577.000
489.000
520.000
553.000
399.000
365.000
469.000
384.000
373.000
414.000
295.000
328.000
327.000
135.000
182.000
229.000
52.000
109.000
201.000
103.000
167.000
152.000
35.000
167.000
153.000
-8.000
123.000
209.000
112.000
214.000
315.000
250.000
296.000
330.000
306.000
394.000
444.000
389.000
394.000
572.000
581.000
430.000
605.000
619.000
491.000
715.000
625.000
450.000
636.000
558.000
495.000
667.000
538.000
435.000
612.000
554.000
430.000
451.000
264.000
278.000
411.000
149.000
170.000
289.000
32.000
65.000
93.000
-131.000
-39.000
-66.000
-368.000
-279.000
-188.000
-509.000
-507.000
-272.000
-411.000
-476.000
-416.000
-523.000
-486.000
-472.000
-611.000
-511.000
-422.000
-546.000
-500.000
-433.000
-538.000
-493.000
-391.000
-465.000
-438.000
-316.000
-393.000
-389.000
-225.000
-271.000
-269.000
-133.000
-143.000
-54.000
27.000
-19.000
112.000
195.000
134.000
220.000
299.000
225.000
241.000
339.000
296.000
266.000
336.000
354.000
349.000
297.000
225.000
235.000
243.000
162.000
93.000
123.000
74.000
-23.000
-21.000
-53.000
-82.000
-115.000
-176.000
-145.000
-163.000
-247.000
-303.000
-324.000
-299.000
-357.000
-429.000
-379.000
-332.000
-367.000
-388.000
-332.000
-312.000
-317.000
-302.000
-297.000
-210.000
-135.000
-132.000
-44.000
38.000
11.000
48.000
195.000
222.000
206.000
338.000
405.000
375.000
414.000
441.000
458.000
526.000
513.000
468.000
545.000
566.000
503.000
544.000
558.000
499.000
483.000
456.000
397.000
355.000
350.000
313.000
277.000
296.000
251.000
182.000
173.000
153.000
105.000
91.000
93.000
67.000
83.000
63.000
-37.000
0.000
70.000
-15.000
-82.000
-47.000
-55.000
-68.000
17.000
8.000
-21.000
57.000
19.000
29.000
109.000
49.000
16.000
18.000
18.000
14.000
45.000
92.000
-21.000
10.000
156.000
85.000
58.000
120.000
174.000
209.000
218.000
252.000
232.000
242.000
254.000
223.000
249.000
282.000
270.000
207.000
276.000
293.000
180.000
264.000
229.000
228.000
312.000
48.000
79.000
282.000
126.000
124.000
148.000
12.000
73.000
146.000
-36.000
-134.000
-27.000
-65.000
-63.000
4.000
-125.000
-107.000
-51.000
-168.000
-120.000
-82.000
-153.000
-53.000
46.000
-36.000
-49.000
79.000
32.000
-53.000
57.000
62.000
30.000
96.000
91.000
127.000
164.000
82.000
83.000
185.000
184.000
135.000
122.000
78.000
148.000
202.000
96.000
83.000
125.000
153.000
107.000
-6.000
25.000
21.000
-54.000
-98.000
-152.000
-157.000
-176.000
-202.000
-227.000
-276.000
-312.000
-342.000
-319.000
-313.000
-337.000
-362.000
-391.000
-375.000
-423.000
-466.000
-429.000
-394.000
-378.000
-402.000
-381.000
-364.000
-379.000
-331.000
-310.000
-341.000
-402.000
-438.000
-395.000
-366.000
-373.000
-371.000
-336.000
-319.000
-294.000
-279.000
-366.000
-371.000
-314.000
-355.000
-364.000
-390.000
-456.000
-433.000
-414.000
-466.000
-525.000
-540.000
-545.000
-561.000
-572.000
-639.000
-636.000
-561.000
-634.000
-707.000
-686.000
-688.000
-682.000
-688.000
-720.000
-723.000
-692.000
-695.000
-711.000
-645.000
-634.000
-680.000
-666.000
-651.000
-632.000
-614.000
-597.000
-576.000
-542.000
-507.000
-541.000
-517.000
-407.000
-362.000
-354.000
-315.000
-266.000
-230.000
-149.000
-73.000
-105.000
-101.000
-16.000
39.000
69.000
85.000
141.000
270.000
289.000
271.000
380.000
419.000
441.000
487.000
483.000
577.000
583.000
534.000
611.000
607.000
618.000
640.000
595.000
655.000
695.000
635.000
629.000
649.000
608.000
574.000
530.000
467.000
467.000
427.000
402.000
419.000
358.000
345.000
338.000
315.000
310.000
229.000
236.000
264.000
190.000
179.000
184.000
177.000
197.000
182.000
166.000
193.000
196.000
183.000
229.000
236.000
211.000
254.000
285.000
316.000
327.000
298.000
368.000
434.000
425.000
470.000
527.000
549.000
554.000
545.000
548.000
555.000
554.000
549.000
548.000
564.000
571.000
566.000
567.000
543.000
493.000
453.000
428.000
383.000
289.000
187.000
149.000
124.000
46.000
-18.000
-56.000
-107.000
-139.000
-164.000
-215.000
-261.000
-310.000
-364.000
-379.000
-387.000
-416.000
-440.000
-451.000
-456.000
-456.000
-457.000
-483.000
-505.000
-495.000
-525.000
-551.000
-530.000
-560.000
-568.000
-502.000
-473.000
-452.000
-391.000
-343.000
-315.000
-291.000
-250.000
-192.000
-165.000
-158.000
-121.000
-63.000
-7.000
17.000
48.000
130.000
162.000
158.000
211.000
261.000
269.000
262.000
283.000
323.000
325.000
301.000
296.000
319.000
292.000
244.000
229.000
179.000
158.000
141.000
102.000
113.000
63.000
9.000
9.000
-27.000
-92.000
-161.000
-192.000
-249.000
-313.000
-352.000
-412.000
-394.000
-402.000
-426.000
-392.000
-425.000
-393.000
-357.000
-398.000
-359.000
-320.000
-324.000
-287.000
-225.000
-218.000
-169.000
-52.000
-47.000
-25.000
73.000
112.000
165.000
238.000
244.000
269.000
391.000
416.000
397.000
498.000
526.000
521.000
553.000
527.000
526.000
540.000
526.000
504.000
484.000
496.000
483.000
405.000
363.000
358.000
314.000
285.000
236.000
196.000
217.000
214.000
216.000
180.000
142.000
130.000
117.000
179.000
136.000
70.000
116.000
106.000
69.000
24.000
15.000
15.000
11.000
44.000
33.000
84.000
91.000
70.000
150.000
134.000
156.000
211.000
200.000
257.000
256.000
225.000
256.000
279.000
218.000
167.000
225.000
171.000
196.000
278.000
130.000
267.000
393.000
132.000
245.000
368.000
204.000
331.000
325.000
111.000
246.000
375.000
99.000
112.000
412.000
144.000
139.000
378.000
-28.000
108.000
366.000
-165.000
-114.000
216.000
-138.000
-259.000
16.000
-102.000
-206.000
-19.000
-131.000
-239.000
-98.000
-211.000
-286.000
-86.000
-250.000
-351.000
-78.000
-308.000
-358.000
-71.000
-251.000
-185.000
-30.000
-51.000
33.000
-48.000
-49.000
14.000
103.000
143.000
-13.000
41.000
178.000
180.000
65.000
69.000
229.000
218.000
213.000
154.000
107.000
207.000
122.000
-23.000
6.000
64.000
-49.000
-52.000
-69.000
-270.000
-133.000
-155.000
-410.000
-290.000
-264.000
-420.000
-416.000
-334.000
-404.000
-475.000
-409.000
-518.000
-583.000
-539.000
-623.000
-585.000
-528.000
-587.000
-487.000
-397.000
-495.000
-447.000
-365.000
-393.000
-355.000
-406.000
-424.000
-315.000
-332.000
-411.000
-398.000
-355.000
-352.000
-305.000
-313.000
-351.000
-276.000
-222.000
-200.000
-281.000
-343.000
-258.000
-237.000
-287.000
-369.000
-381.000
-386.000
-400.000
-384.000
-486.000
-455.000
-387.000
-451.000
-463.000
-461.000
-415.000
-470.000
-540.000
-480.000
-496.000
-500.000
-510.000
-538.000
-501.000
-498.000
-534.000
-551.000
-540.000
-522.000
-504.000
-574.000
-609.000
-527.000
-539.000
-588.000
-602.000
-551.000
-535.000
-505.000
-377.000
-507.000
-488.000
-250.000
-349.000
-313.000
-215.000
-324.000
-195.000
-110.000
-258.000
-172.000
35.000
7.000
82.000
251.000
143.000
194.000
367.000
265.000
352.000
517.000
430.000
521.000
659.000
591.000
562.000
574.000
611.000
633.000
598.000
593.000
607.000
625.000
541.000
523.000
605.000
482.000
482.000
579.000
458.000
426.000
380.000
263.000
313.000
326.000
255.000
241.000
284.000
298.000
258.000
267.000
241.000
187.000
219.000
222.000
203.000
217.000
213.000
242.000
315.000
336.000
291.000
314.000
395.000
409.000
389.000
387.000
440.000
503.000
523.000
557.000
595.000
614.000
636.000
679.000
695.000
684.000
699.000
687.000
674.000
655.000
607.000
600.000
597.000
597.000
535.000
482.000
553.000
523.000
436.000
434.000
362.000
284.000
284.000
238.000
139.000
110.000
96.000
7.000
-20.000
-23.000
-123.000
-188.000
-202.000
-253.000
-285.000
-337.000
-395.000
-370.000
-372.000
-419.000
-429.000
-433.000
-425.000
-429.000
-428.000
-413.000
-431.000
-414.000
-398.000
-428.000
-449.000
-462.000
-417.000
-379.000
-407.000
-419.000
-391.000
-314.000
-285.000
-272.000
-183.000
-139.000
-104.000
-36.000
12.000
36.000
25.000
74.000
153.000
188.000
189.000
182.000
242.000
271.000
251.000
245.000
212.000
212.000
201.000
143.000
136.000
124.000
77.000
54.000
28.000
7.000
-29.000
-101.000
-123.000
-138.000
-180.000
-260.000
-280.000
-232.000
-348.000
-316.000
-256.000
-496.000
-453.000
-368.000
-499.000
-476.000
-512.000
-584.000
-553.000
-494.000
-550.000
-564.000
-382.000
-415.000
-374.000
-206.000
-255.000
-176.000
-155.000
-187.000
-34.000
12.000
12.000
113.000
234.000
239.000
263.000
373.000
313.000
308.000
449.000
447.000
450.000
509.000
446.000
473.000
539.000
424.000
418.000
480.000
426.000
377.000
326.000
333.000
359.000
329.000
286.000
273.000
279.000
209.000
179.000
205.000
172.000
106.000
65.000
71.000
46.000
42.000
29.000
-8.000
30.000
32.000
18.000
12.000
16.000
-11.000
-71.000
-30.000
-61.000
-74.000
-23.000
-48.000
41.000
55.000
4.000
105.000
133.000
135.000
151.000
116.000
167.000
224.000
207.000
222.000
244.000
231.000
235.000
265.000
279.000
268.000
290.000
271.000
242.000
348.000
342.000
242.000
321.000
321.000
196.000
242.000
265.000
196.000
266.000
224.000
161.000
259.000
173.000
127.000
191.000
125.000
88.000
54.000
41.000
23.000
-20.000
-2.000
-3.000
25.000
-2.000
-58.000
-21.000
-32.000
-76.000
-100.000
-99.000
-102.000
-105.000
-91.000
-115.000
-90.000
-39.000
-9.000
0.000
0.000
60.000
69.000
91.000
158.000
117.000
96.000
145.000
140.000
91.000
109.000
140.000
86.000
79.000
102.000
91.000
104.000
91.000
85.000
105.000
76.000
18.000
-14.000
-8.000
-31.000
-83.000
-112.000
-141.000
-175.000
-230.000
-263.000
-278.000
-329.000
-317.000
-324.000
-375.000
-352.000
-379.000
-430.000
-377.000
-353.000
-446.000
-416.000
-366.000
-483.000
-410.000
-421.000
-565.000
-398.000
-410.000
-463.000
-303.000
-375.000
-382.000
-281.000
-343.000
-386.000
-348.000
-341.000
-358.000
-281.000
-319.000
-377.000
-259.000
-334.000
-379.000
-281.000
-395.000
-379.000
-245.000
-375.000
-471.000
-403.000
-413.000
-466.000
-453.000
-480.000
-572.000
-562.000
-545.000
-600.000
-557.000
-568.000
-644.000
-619.000
-643.000
-676.000
-694.000
-763.000
-736.000
-676.000
-709.000
-696.000
-616.000
-644.000
-668.000
-578.000
-612.000
-621.000
-491.000
-552.000
-561.000
-436.000
-519.000
-501.000
-369.000
-388.000
-327.000
-243.000
-235.000
-175.000
-87.000
-98.000
-106.000
42.000
49.000
43.000
222.000
214.000
216.000
358.000
388.000
406.000
470.000
497.000
514.000
604.000
580.000
546.000
686.000
663.000
641.000
710.000
638.000
645.000
681.000
585.000
551.000
625.000
604.000
545.000
579.000
581.000
565.000
526.000
490.000
515.000
481.000
429.000
381.000
363.000
352.000
294.000
309.000
292.000
256.000
260.000
195.000
202.000
244.000
180.000
167.000
192.000
180.000
214.000
191.000
160.000
235.000
258.000
240.000
239.000
298.000
340.000
308.000
433.000
418.000
311.000
488.000
479.000
435.000
565.000
478.000
497.000
620.000
571.000
573.000
616.000
619.000
649.000
757.000
747.000
615.000
684.000
659.000
511.000
568.000
499.000
341.000
364.000
350.000
200.000
105.000
133.000
83.000
8.000
-19.000
-77.000
-70.000
-112.000
-220.000
-234.000
-269.000
-352.000
-385.000
-420.000
-486.000
-518.000
-554.000
-568.000
-535.000
-566.000
-583.000
-544.000
-530.000
-547.000
-556.000
-539.000
-543.000
-549.000
-549.000
-537.000
-496.000
-427.000
-396.000
-391.000
-287.000
-273.000
-260.000
-161.000
-172.000
-104.000
-50.000
-57.000
-2.000
23.000
47.000
76.000
179.000
112.000
104.000
312.000
175.000
174.000
264.000
140.000
278.000
247.000
72.000
163.000
151.000
-21.000
-6.000
55.000
-34.000
71.000
79.000
-96.000
-16.000
-53.000
-226.000
-244.000
-255.000
-377.000
-369.000
-282.000
-473.000
-461.000
-317.000
-468.000
-444.000
-352.000
-444.000
-424.000
-323.000
-379.000
-350.000
-275.000
-380.000
-259.000
-165.000
-277.000
-186.000
-123.000
-115.000
-36.000
26.000
26.000
100.000
256.000
222.000
258.000
358.000
305.000
333.000
355.000
307.000
317.000
418.000
389.000
318.000
468.000
428.000
328.000
424.000
383.000
335.000
334.000
303.000
343.000
330.000
269.000
279.000
292.000
258.000
213.000
175.000
147.000
104.000
81.000
44.000
-21.000
-14.000
-2.000
-34.000
-56.000
-40.000
-18.000
-17.000
-7.000
2.000
31.000
29.000
15.000
38.000
46.000
86.000
104.000
108.000
130.000
189.000
211.000
80.000
151.000
221.000
102.000
188.000
222.000
155.000
176.000
232.000
222.000
185.000
325.000
300.000
276.000
365.000
229.000
293.000
261.000
82.000
292.000
308.000
123.000
215.000
311.000
205.000
159.000
282.000
198.000
110.000
238.000
122.000
25.000
125.000
47.000
55.000
79.000
-60.000
-22.000
45.000
44.000
14.000
-59.000
6.000
23.000
-26.000
-20.000
-20.000
-13.000
-44.000
13.000
34.000
-38.000
55.000
103.000
60.000
75.000
89.000
108.000
133.000
178.000
147.000
66.000
95.000
155.000
176.000
179.000
157.000
157.000
191.000
170.000
158.000
179.000
134.000
169.000
212.000
117.000
104.000
82.000
-8.000
-4.000
-33.000
-94.000
-140.000
-185.000
-207.000
-264.000
-277.000
-312.000
-356.000
-305.000
-389.000
-431.000
-392.000
-469.000
-426.000
-437.000
-552.000
-578.000
-584.000
-538.000
-576.000
-630.000
-537.000
-511.000
-532.000
-461.000
-477.000
-574.000
-497.000
-433.000
-449.000
-445.000
-495.000
-438.000
-395.000
-385.000
-344.000
-383.000
-355.000
-398.000
-388.000
-340.000
-418.000
-384.000
-413.000
-443.000
-481.000
-496.000
-491.000
-636.000
-441.000
-527.000
-712.000
-373.000
-592.000
-628.000
-385.000
-735.000
-672.000
-515.000
-743.000
-745.000
-617.000
-705.000
-792.000
-581.000
